1.9200787544250488
1.3103549480438232
1.5016732215881348
-1.2872776985168457
0.18271350860595703
1.497976303100586
0.019287824630737305
0.33152008056640625
-1.456702709197998
-1.9607524871826172
0.2422877848148346
0.7426206469535828
-0.2967744469642639
-0.6687372922897339
1.2240298986434937
0.15229007601737976
-1.643747329711914
1.7180423736572266
-1.3024505376815796
1.1381545066833496
1.392881989479065
-1.2160582542419434
1.5770477056503296
1.8768457174301147
1.92268967628479
1.587215542793274
0.12838077545166016
0.41774076223373413
-1.9837470054626465
-0.6063259840011597
1.6488738059997559
-1.7170628309249878
-1.2434431314468384
0.15833435952663422
-1.136580467224121
1.6204605102539062
-1.171311378479004
0.18189769983291626
0.941322922706604
1.4136989116668701
0.35371214151382446
-1.5061471462249756
-0.08961115777492523
-0.27828624844551086
0.4162234663963318
-1.9063444137573242
1.274564504623413
-0.03465362638235092
-0.6414980292320251
1.9871370792388916
0.33943048119544983
-1.2913850545883179
-0.12859918177127838
-1.0889136791229248
0.4757057726383209
-0.9562654495239258
1.1144144535064697
-0.8267707824707031
-1.1334892511367798
0.5996789336204529
-1.349085807800293
1.4535242319107056
0.7804110646247864
1.608307957649231
0.6211532354354858
-0.9852312207221985
0.8589586615562439
-0.3112039268016815
0.6836087703704834
1.7404063940048218
-1.712035894393921
0.4306863248348236
-0.9766274094581604
-1.9248374700546265
-1.9987263679504395
0.810330867767334
-0.39228200912475586
-1.775776982307434
1.5704082250595093
-1.1091952323913574
-0.14784026145935059
-1.2825039625167847
-0.8907850384712219
-1.660773515701294
-1.8247946500778198
-0.97015380859375
-1.068803071975708
0.7295818328857422
0.25623640418052673
0.9325336217880249
-1.346389651298523
-0.3602026700973511
-0.3966939449310303
1.04006826877594
0.679930567741394
0.6713129281997681
-1.1963727474212646
0.6719448566436768
-0.49635064601898193
-34.62218475341797
-0.4077377915382385
-1.3008019924163818
-0.8624153137207031
0.28857624530792236
1.8616294860839844
-148.4468231201172
0.36546146869659424
1.1061198711395264
-1.9452521800994873
0.9467059373855591
0.19945144653320312
-1.1373685598373413
-1.6684985160827637
0.8058187961578369
-0.1714969426393509
1.898976445198059
-1.8514481782913208
-1.5147571563720703
1.2334544658660889
1.457556962966919
1.7165253162384033
-0.7493394017219543
-0.5496954321861267
-1.818839430809021
-0.46634477376937866
-1.3373771905899048
-0.2753741443157196
0.4886069595813751
0.5299168229103088
1.2051830291748047
-0.7647948265075684
0.4757934808731079
0.4654470384120941
-1.2430400848388672
0.7789401412010193
-0.5619025826454163
-0.4656342566013336
-1.9180830717086792
1.444163203239441
0.18045057356357574
-0.12210018932819366
-1.784377098083496
1.410126805305481
0.29446473717689514
0.4614892601966858
1.966809630393982
-0.5706431865692139
-1.076583743095398
-0.8869896531105042
0.05667376518249512
1.8941885232925415
371235.25
1.9809459447860718
-0.36106759309768677
-1.9354441165924072
1.647982120513916
-1.7472907304763794
-1.3253514766693115
-1.6376382112503052
-1.661976933479309
-0.6948941349983215
-1.828179955482483
1.3294110298156738
0.6385946869850159
1.852557897567749
-1.9120482206344604
0.7798640727996826
-1.9408855438232422
0.19466929137706757
-0.4457528293132782
1.6161483526229858
-1.0245248079299927
-1.6506614685058594
0.9668375253677368
1.1456265449523926
-0.65205317735672
-0.4510308504104614
1.3486703634262085
-0.23765510320663452
-1.2375819683074951
0.9592987298965454
-1.6245205402374268
-0.8197779059410095
0.6663139462471008
-0.42538943886756897
0.9529282450675964
1.1815085411071777
-1.4045237302780151
0.3478768467903137
-1.4325190782546997
0.11061833798885345
-1.6711971759796143
0.951628565788269
1.9444183111190796
-1.9405721426010132
0.4460935592651367
1.1327762603759766
26.820178985595703
0.2771465480327606
-1.0613800287246704
0.8185017704963684
1.3170220851898193
-0.7696082592010498
-29.25358009338379
-0.8821089267730713
-1.5025615692138672
0.6526786684989929
0.6601368188858032
-0.17002445459365845
0.2170107215642929
-0.050369828939437866
-0.1587763875722885
1.9725521802902222
1.7585276365280151
0.7760871052742004
-0.298671692609787
0.8112097382545471
1.3332430124282837
-1.262152075767517
0.478034108877182
-0.26233160495758057
-0.28197020292282104
1.8910363912582397
59707.00390625
0.2602919042110443
-1.667086124420166
1.207260251045227
-0.2714819014072418
-1.6823680400848389
-1.3787236213684082
-1.6202239990234375
1.0439088344573975
-0.638805627822876
2.8037610054016113
-1.9836000204086304
1.6223795413970947
-1.784928798675537
1.7923128604888916
-1.784952998161316
-1.0820106267929077
-1.4297523498535156
-0.8564797043800354
1.6536988019943237
-0.5205643177032471
0.9061892628669739
0.7241413593292236
-0.11517014354467392
0.8200056552886963
1.6257210969924927
0.7428877949714661
1.4979323148727417
1.737841248512268
1.8507933616638184
-17.40000343322754
0.9770300388336182
1.3691742420196533
0.5327582955360413
-62.510982513427734
1.4516096115112305
1.299492359161377
-0.9179856181144714
0.991963803768158
-1.9338256120681763
0.5978765487670898
1.1190004348754883
0.37200137972831726
-1.1556599140167236
-0.2616790533065796
-0.8073641061782837
-0.6081799268722534
-1.3599404096603394
-1.3692408800125122
0.3324858844280243
-1.4653493165969849
1.0378286838531494
-1.194311499595642
-1.2382712364196777
-1.2240872383117676
-1.8962064981460571
6.360686302185059
1.32161283493042
-151.28323364257812
0.7828693389892578
0.9606456756591797
1.3605387210845947
1.5902397632598877
1.750901699066162
-1.2563085556030273
-1.3498194217681885
-0.7194998264312744
-0.20389333367347717
0.39209678769111633
1.4459819793701172
1.97245192527771
1.857235074043274
1.546484351158142
0.958464503288269
-0.4001130759716034
1.7776110172271729
1.0130151510238647
0.6559162735939026
2.6095428466796875
0.994575560092926
-0.6478610634803772
-0.04215122386813164
-1.3203155994415283
-1.230425238609314
1.0010145902633667
1.9750490188598633
-1.2675172090530396
-1.9874476194381714
-0.20646247267723083
1.890822172164917
-1.539913296699524
0.03011215105652809
-0.8992699384689331
0.3020894229412079
0.6054939031600952
1.593883752822876
-0.0666738823056221
-1.9445468187332153
0.7670974135398865
0.6804721355438232
0.08841797709465027
-0.5849910974502563
-1.1065852642059326
-1.0925301313400269
-1.2828212976455688
0.05124260485172272
-44.07189178466797
1.308916687965393
0.2909594774246216
-1.4996168613433838
-0.07435089349746704
0.11932618916034698
0.4154888391494751
1.333777666091919
0.7955901026725769
-0.5477797985076904
-0.527567982673645
0.05806886404752731
1.6277270317077637
-0.28003138303756714
0.6080133318901062
1.083067536354065
0.7642051577568054
0.8001123070716858
1.60939621925354
0.052904821932315826
1.3367172479629517
-0.8715886473655701
-0.45034101605415344
-1.0598043203353882
-1.8009381294250488
-1.8554284572601318
1.679545521736145
1.8974909782409668
0.220937117934227
-0.9694955348968506
1.5617401599884033
-0.36206507682800293
1.844751000404358
-1.5048975944519043
-1.0807225704193115
-1.3966751098632812
-1.2123221158981323
-0.05051785334944725
-1.3384631872177124
-0.1162964478135109
-0.0792766660451889
-1.7113970518112183
1.1317859888076782
0.21429608762264252
0.04328543692827225
0.4627473056316376
-1.3479968309402466
-1.3214004039764404
0.4228271543979645
1.4097105264663696
0.7302373051643372
-0.2165846973657608
1.0208995342254639
-0.03855989873409271
1.6427719593048096
1.3192375898361206
-0.0722324550151825
1.2521668672561646
0.05147390812635422
0.870133638381958
-0.6355630159378052
-0.34256690740585327
0.9513406157493591
1.7864649295806885
0.9230923652648926
0.6712718605995178
0.3750661313533783
0.8151849508285522
-0.036406777799129486
0.7597801685333252
0.7218719124794006
-0.5255707502365112
1.6529172658920288
0.14375725388526917
1.2919880151748657
-0.5935670733451843
1.000556230545044
0.7995596528053284
-0.37594231963157654
0.662899911403656
0.4088674485683441
-0.24103473126888275
-0.33015134930610657
0.5235605239868164
-0.05287368223071098
-0.8641014695167542
-1057612224.0
-1.6797748804092407
1.9523199796676636
1.7139580249786377
0.44560757279396057
-0.3370543122291565
-0.4244011640548706
-0.9394599795341492
1.3223185539245605
1.8554186820983887
0.37262681126594543
-1.9568238258361816
0.4515533745288849
-1.871544361114502
1.3185638189315796
1.6933296918869019
-0.49601590633392334
0.972383439540863
0.3382343351840973
0.17860648036003113
-0.3965623080730438
-1.4229001998901367
795.0203247070312
1.3151922225952148
1.215104341506958
1.873042106628418
-1.5119585990905762
-0.6155621409416199
9015.203125
1.2976404428482056
1.7469491958618164
-1.122271180152893
-1.3462121486663818
1.324949026107788
-0.3536176085472107
-1.2079356908798218
-0.651969850063324
-0.7332878112792969
-1.9092806577682495
-1.99139404296875
1.3983794450759888
-1.5974671840667725
-1.2709599733352661
1.859272837638855
1.9587091207504272
0.11140773445367813
0.9861796498298645
0.25255098938941956
20324.376953125
-0.5197639465332031
-1.4301702976226807
1.2880430221557617
-473777.0625
1.2625236511230469
-1.7872655391693115
-1.3013056516647339
1.7246322631835938
-1.8006465435028076
-1.440162181854248
-0.7870670557022095
-1.1622248888015747
1.255238652229309
1.3521714210510254
0.999918520450592
1.7714545726776123
1.524949073791504
0.5605405569076538
-0.2177150845527649
0.041644513607025146
-1.5226138830184937
-102.02217102050781
1.0718214511871338
1.3698772192001343
1.2171285152435303
-1.1434873342514038
1.1507879495620728
1.6649682521820068
-1.546234369277954
-1.1592445373535156
-0.664020299911499
1.0628855228424072
-1.83437180519104
0.29463958740234375
1.6461693048477173
1.1533493995666504
1.5489634275436401
-1.5647774934768677
1.1349732875823975
0.068553626537323
-1.1961419582366943
0.5750120878219604
1.498373031616211
-0.7244953513145447
-1.7598371505737305
0.06771436333656311
1.0660167932510376
0.2484259009361267
1.738821029663086
-1.8993721008300781
-1.1508384943008423
1.9078973531723022
1.168910026550293
1428.7205810546875
-1.1460503339767456
1.8206403255462646
1.090856671333313
1.551192283630371
1.1069542169570923
1.525511622428894
0.21650002896785736
0.3277631103992462
1.5153181552886963
1.9769368171691895
-0.5400999188423157
0.6401103734970093
-0.6622212529182434
-1.3675167560577393
-0.6866517663002014
-1.3233416080474854
0.1459597796201706
-1.4606080055236816
-0.9427341818809509
0.8728005886077881
1.3652675151824951
-0.766564130783081
-0.9152694940567017
94.55388641357422
1.3201565742492676
444.9418029785156
-0.20193234086036682
-0.951231837272644
1.8581457138061523
0.37048235535621643
-0.8140861392021179
-1.4034221172332764
1.6013864278793335
-0.2810651957988739
-0.030556567013263702
0.8124003410339355
-0.9338300824165344
-0.743482768535614
0.2350054234266281
0.14210832118988037
1.5447914600372314
-1.8897212743759155
1.1147816181182861
-1.4087938070297241
-0.6556345820426941
944.6466064453125
-1.2875136137008667
-0.29078763723373413
1.7648227214813232
1.8244296312332153
0.8531795740127563
0.9555606245994568
1.262962818145752
-1.961445927619934
-0.7570984363555908
-57561176.0
-1.007196307182312
-0.04147794097661972
-0.5017977356910706
-0.0784030333161354
1.4948067665100098
-0.3213194012641907
0.2058665156364441
-0.045822788029909134
-1.2551453113555908
0.8666322827339172
1.7386722564697266
1.7430238723754883
1.5120810270309448
-1.042095422744751
-0.7772291302680969
0.030674492940306664
1.2412046194076538
1.8639581203460693
-0.9176034331321716
1.7838577032089233
0.319684773683548
-1.743452548980713
0.06048025190830231
1.4095021486282349
0.7014130353927612
1.8393771648406982
-1.1969468593597412
-0.4289170503616333
1.3434308767318726
-0.012690497562289238
1.9605602025985718
-1.791699767112732
-1.9250003099441528
1.7490582466125488
-1.9419689178466797
1.9290025234222412
-0.2984398901462555
1.2429022789001465
0.5548818111419678
-1.5984662771224976
0.18689464032649994
2.948678493499756
-1.402740716934204
-1.6601239442825317
0.20796124637126923
-1.9177926778793335
0.0004889350384473801
18.07435417175293
0.5616208910942078
-1.9720107316970825
-1.4199824333190918
-1.6861683130264282
-1.4791381359100342
0.5236703753471375
0.3901198208332062
-1.5450888872146606
-0.7315434217453003
1.9327720403671265
-1.964402437210083
-0.5157825946807861
0.706644594669342
-0.7835606336593628
1.9497524499893188
1.4534847736358643
-1.3070204257965088
50303.26953125
1.6565426588058472
-1.4962517023086548
-1.6510225534439087
1.4696524143218994
0.9493870735168457
-1.3528101444244385
0.3782246708869934
0.6460572481155396
1.6698187589645386
-1.4228273630142212
-0.27049335837364197
-0.16677570343017578
-0.4301726222038269
0.1349550038576126
-1.0501962900161743
0.7669038772583008
1.0842770338058472
1.3729578256607056
-1.53810453414917
1.8892854452133179
-0.16396860778331757
-1.7324057817459106
-1.6229711771011353
-0.3660956621170044
-0.9941155910491943
0.09493352472782135
1.2338685989379883
-1.3411954641342163
-1.1304755210876465
1.3562496900558472
-0.5668005347251892
-1.7782436609268188
0.09840688109397888
-0.31154224276542664
0.021194100379943848
1.746760368347168
-0.18564960360527039
0.5657751560211182
-1.5946801900863647
-0.23334479331970215
-1.0478047132492065
1.6493477821350098
-0.12102330476045609
0.7028974294662476
0.7406817078590393
-0.2299375981092453
1.8966240882873535
1.3793171644210815
1.7878855466842651
1.3849678039550781
-1.9807580709457397
-0.17991642653942108
-0.8898664712905884
0.519750714302063
-0.22819699347019196
-0.4544685482978821
-0.6970720291137695
-0.4977509379386902
0.338650643825531
-0.5202564597129822
-1.8591735363006592
0.38972046971321106
0.3245607316493988
-0.03406820446252823
0.2461085170507431
1.0156965255737305
-0.15894587337970734
-0.9473199248313904
-1.2246509790420532
0.41736698150634766
1.0793167352676392
-1.3906283378601074
1.1444731950759888
1.1361104249954224
-1.0661659240722656
-1.022418737411499
0.33498436212539673
0.7832155227661133
0.8171360492706299
-0.7455220222473145
-0.06830568611621857
-0.014917849563062191
-1.9431812763214111
-1.8608225584030151
1.3959754705429077
-0.5574045181274414
1.2221354246139526
0.8373472690582275
1.0841362476348877
1.856918454170227
1.835988163948059
1.1744636297225952
1.8950097560882568
-1.377632737159729
0.339229017496109
-1.0982166528701782
-1.2282568216323853
-0.7479737997055054
-0.7315597534179688
1.2727925777435303
1.424201488494873
0.957531213760376
-0.7954626679420471
0.5392627120018005
1.2406952381134033
-1.092442512512207
0.2993987500667572
-0.23555512726306915
1.2607522010803223
1.9584386348724365
-0.14788177609443665
-0.11454066634178162
1.0186717510223389
1.9150254726409912
-1.7352741956710815
1.4655930995941162
0.7923614978790283
-1.424811840057373
1.5588759183883667
-1.6150418519973755
-0.1745242327451706
-1.1262178421020508
0.06836813688278198
0.4240502417087555
-1.7353403568267822
-1.1910477876663208
-1.088486671447754
-0.9547778964042664
0.43954938650131226
1.9070158004760742
-1.930564045906067
-1.7610176801681519
-1.7942482233047485
1.7592790126800537
1.7983500957489014
-1.7506258487701416
1.625622034072876
0.8410449028015137
1.79555082321167
1.7706551551818848
1.4522558450698853
-1.4870728254318237
-1.2874252796173096
1.99069082736969
-1.356253981590271
1.511630892753601
-1.378974437713623
0.44715091586112976
0.08961297571659088
-1.1529033184051514
-0.4795075058937073
-0.7416890263557434
1.1402546167373657
-1.037917971611023
1.4319876432418823
-1.806522250175476
0.5957642793655396
0.0818551555275917
-1.5094294548034668
-88.9196548461914
0.900214672088623
-36.70893096923828
-1.9553899765014648
-1.8535597324371338
-1.5451189279556274
-13.902023315429688
0.9432901740074158
-1.202938199043274
-0.9770765900611877
0.6387475728988647
1.570748209953308
1.9885308742523193
0.11527112871408463
-1.694529414176941
0.4240529537200928
0.11377418786287308
-1.1618505716323853
1.400825023651123
0.6036484241485596
1.0419073104858398
-1.5872981548309326
-1.00722336769104
-0.10319284349679947
-0.9449909925460815
1.98405921459198
-0.4800626039505005
-0.6078216433525085
-0.2543162703514099
-1.5004236698150635
1.7459636926651
-1.7744933366775513
1.2406799793243408
0.06730975210666656
-1.4070281982421875
-0.8331860303878784
1.7049028873443604
0.022901341319084167
0.572274923324585
1.2874677181243896
1.6669014692306519
1.966031789779663
-1.6025837659835815
1.606252670288086
1.1062926054000854
-1.2669317722320557
1.3441356420516968
1.7440149784088135
1.6871471405029297
0.47476550936698914
0.9377888441085815
-0.7020107507705688
1.3121321201324463
-0.6363427639007568
-1.2408565282821655
-0.6887232065200806
-0.24968087673187256
-1.9795525074005127
-1.6384856700897217
-1.8468025922775269
0.07245998084545135
1.2487046718597412
1.6692464351654053
-0.9791421294212341
0.5262916088104248
-0.2959127426147461
-1.2272276878356934
-1.4072649478912354
-0.838321328163147
-0.25070762634277344
-1.6890584230422974
0.36727792024612427
1.7912242412567139
-1.5683867931365967
1.7598949670791626
-1.3318287134170532
-0.09907609224319458
-1.5083998441696167
-43.76681900024414
0.7018021941184998
-45.838932037353516
-0.35317474603652954
1.4238404035568237
-1.5576214790344238
-3.2977044582366943
0.7030959725379944
-0.507023811340332
1.8172895908355713
0.059545472264289856
0.6893184185028076
-1.180733561515808
1.0761359930038452
-0.10583999007940292
-0.38480210304260254
1.7569032907485962
-1.500543236732483
1.942665457725525
-0.31353625655174255
1.1773704290390015
-0.6862916350364685
-1.7609621286392212
-0.8825348019599915
-0.20126740634441376
-1.3398035764694214
1.9375540018081665
0.31156060099601746
-0.7531798481941223
0.059224411845207214
1.5340962409973145
1.7119832038879395
-2.30828857421875
1.5891201496124268
1.2106002569198608
0.05890817195177078
-1.0549365282058716
1.3740770816802979
1.710852026939392
0.5396103858947754
-1.6793227195739746
0.9744501709938049
-1.2412009239196777
0.439785897731781
0.9416423439979553
0.10010010004043579
-1.3585323095321655
0.5351308584213257
-1.3686174154281616
-1.0762921571731567
-0.6153366565704346
-1.8552268743515015
-0.7175864577293396
1.396186351776123
-3548456.5
-1.5350688695907593
0.9675191640853882
-0.6339542865753174
-1.4895565509796143
0.2813093662261963
-0.07981086522340775
0.6936550140380859
1.6161073446273804
0.9536146521568298
-0.26586923003196716
-0.4751259386539459
0.6372424364089966
-1.9712331295013428
1.387132167816162
-1.962204098701477
-0.961439847946167
-1.1303253173828125
-1.635111927986145
0.20821736752986908
0.0985570028424263
0.12089890241622925
1.1675820350646973
-1.7430143356323242
-151.83526611328125
1.7490499019622803
-2.3052494525909424
-1.0638095140457153
-0.350948691368103
-1.8804845809936523
-1.437692403793335
-0.5085564255714417
1.3385928869247437
0.09499412029981613
-0.8156099915504456
1.572425365447998
-0.3455747067928314
0.7357397675514221
-1.7210272550582886
-1.2392319440841675
-0.12768547236919403
-0.5002844929695129
1.6498982906341553
-0.9492625594139099
-0.04912610352039337
1.4114859104156494
-0.9798892736434937
-1.3322067260742188
-1.2856383323669434
-0.9945641160011292
1.6026666164398193
-0.6735212206840515
-0.7912994027137756
-1.612841248512268
-1.9022305011749268
0.8345662951469421
1.5159618854522705
-0.5935357809066772
-0.5246421098709106
-0.6716629266738892
0.9975277781486511
-1.9787888526916504
-0.8348895907402039
-1.9608820676803589
-0.24051599204540253
0.27055495977401733
-1.540505290031433
-0.5940864086151123
0.2798432409763336
-1.209008812904358
-1.3001607656478882
-0.5818526744842529
-0.4899705648422241
-0.5909118056297302
-0.19405153393745422
1.9430161714553833
-1.4176212549209595
-0.010168572887778282
-0.5690650939941406
0.2714357078075409
-1.4258750677108765
-0.3894631564617157
1.7146153450012207
-0.28239113092422485
-1.7264549732208252
0.5610116124153137
0.6031830310821533
0.9546990990638733
0.5521290302276611
-0.41635146737098694
-1.834862232208252
-1.4580729007720947
0.09842406958341599
0.5106995701789856
0.03281441330909729
-0.6402398347854614
0.39977338910102844
-0.9738427996635437
0.6893582344055176
1.9204024076461792
0.5720410943031311
0.408639132976532
-1.7098368406295776
-0.6182118654251099
-1.0997447967529297
0.3821011781692505
-1.6288799047470093
1.8243577480316162
-1.380081057548523
-0.4024839401245117
-0.6518659591674805
-0.2931157350540161
0.03481888771057129
-1.1476980447769165
-0.5164252519607544
0.44080498814582825
-1.847874402999878
1.6186410188674927
-1.646895408630371
-0.7164407968521118
1.7493865489959717
-0.8175228238105774
-0.6758806109428406
-1.634795904159546
-0.5600295662879944
0.39451345801353455
-0.6621862649917603
1.0378215312957764
-0.011325468309223652
-0.5209398865699768
-1.2345390319824219
-1.9170798063278198
0.6458144187927246
-0.9587200284004211
0.7179094552993774
-1.2301708459854126
-1.8996939659118652
0.04502429440617561
-0.9904769062995911
-1.8690677881240845
-1.1624170541763306
0.38103410601615906
1.8213495016098022
1.1637661457061768
-1.5694522857666016
-0.5389966368675232
-1.7489640712738037
1.9011958837509155
0.8975575566291809
0.5022037625312805
-1.7519246339797974
1.0852831602096558
1.5665265321731567
-1.8778599500656128
1.9961048364639282
1.3646297454833984
-0.19383352994918823
-0.30254676938056946
0.19363652169704437
-1.0904592275619507
-0.5347705483436584
-0.47477447986602783
0.5149227380752563
1.5816835165023804
0.20290309190750122
1.1412419080734253
0.522345781326294
0.15298089385032654
0.6573085188865662
-0.003991336561739445
1.2835898399353027
-1.2158596515655518
1.9786933660507202
-1.855820894241333
1.55085027217865
-1.2187048196792603
1.5519356727600098
1.764408826828003
-1.2227892875671387
-0.037991560995578766
1.0493649244308472
0.26434972882270813
-57.1944694519043
1.9767390489578247
-3061.669189453125
-0.5834083557128906
-1.6915301084518433
1.1776448488235474
-38538.69140625
1.994803547859192
1.4105095863342285
0.650201141834259
-0.6156087517738342
0.9120322465896606
-1.4243888854980469
-1.0249359607696533
1.0328816175460815
1.9099866151809692
0.011566627770662308
0.12555263936519623
1.823494791984558
-1.0953551530838013
-0.33871030807495117
1.06110417842865
1.1757856607437134
0.7061819434165955
0.4737880825996399
1.9455888271331787
1.0398212671279907
-0.4148141145706177
-0.4940631091594696
-0.9594268798828125
-3034.43603515625
1.1210867166519165
-1.3676599264144897
-1.2637137174606323
0.8933036923408508
1.2112338542938232
-0.42642128467559814
1.5570052862167358
0.42191022634506226
0.12398364394903183
-1.078886866569519
-0.8932808637619019
-1.9356648921966553
-0.20443125069141388
-0.6437244415283203
1.6880885362625122
0.753436267375946
-0.6848096251487732
-1.6733108758926392
1.7860116958618164
0.67286616563797
-0.06840699166059494
1.1145961284637451
0.1648620069026947
-18580124.0
0.6659142374992371
-787.2900390625
0.7189103364944458
0.7155253887176514
1.0063832998275757
-1.748065710067749
-1.682749629020691
-0.7345448136329651
1.2586205005645752
-1.6022601127624512
-0.5748282074928284
-1.1103734970092773
0.4211883246898651
0.01588287204504013
1.5658602714538574
-0.16707536578178406
-1.9261237382888794
1.381601333618164
0.405881404876709
-0.05853591114282608
-1.330749750137329
1.5987147092819214
1.6279155015945435
1.5063451528549194
0.5336205363273621
-1.8228644132614136
1.1248385906219482
1.8556479215621948
0.5423661470413208
0.6948606967926025
1.48542320728302
1.015873908996582
1.9436310529708862
0.860919177532196
-1.511475682258606
0.18682730197906494
-0.37546324729919434
-0.16104094684123993
0.14517544209957123
-0.218240886926651
-1.117547869682312
-0.4419897496700287
-0.7013956308364868
-1.6168138980865479
1.198716640472412
0.8614290356636047
0.9520780444145203
-1.8970839977264404
1.2565646171569824
-1.256402611732483
1.6417521238327026
1.2426522970199585
0.4934299886226654
-1.070006251335144
0.3767143189907074
1.1771742105484009
-0.06258150935173035
1.7684110403060913
-0.2670435607433319
-0.6495530605316162
0.6546005010604858
1.294122338294983
-0.1739351749420166
0.7383480072021484
1.2955256700515747
0.8163558840751648
1.7392712831497192
-0.8967800140380859
0.008268715813755989
1.6491988897323608
0.7667341828346252
-1948.1929931640625
1.2065240144729614
1.0290180444717407
-1.2519850730895996
-0.7623176574707031
0.6905081272125244
-4312.4365234375
-0.006895106751471758
0.9326975345611572
-1.1094878911972046
-2634.4453125
-1.6170443296432495
1.8843528032302856
-0.118280328810215
-1.5612125396728516
-0.6724454760551453
1.6377660036087036
-0.7974517345428467
-1.8465694189071655
-0.7608832120895386
-1.0456874370574951
-1.2155468463897705
-1.7994798421859741
0.7447541952133179
-1.555860161781311
-0.9981153607368469
0.03597463667392731
-1.7044734954833984
0.7758778929710388
0.8586941361427307
-0.7144196629524231
-1.115705132484436
-1.2253059148788452
0.14136041700839996
-1.5835819244384766
-0.38892701268196106
0.16767962276935577
-1.5697863101959229
0.2770850360393524
1.142628788948059
-1.5600101947784424
1.085357904434204
0.5048889517784119
-1.6807587146759033
1.1981210708618164
0.14869749546051025
-1.5391502380371094
-0.6303241848945618
0.6530680656433105
-0.26940441131591797
1.4268971681594849
1.1408783197402954
-0.6165739297866821
-1.3268771171569824
1.3496670722961426
-1.268100380897522
-1.2002555131912231
-1.2237157821655273
-36.11698913574219
-0.4410519301891327
-0.9384936690330505
1.244005799293518
-0.23039689660072327
0.029849577695131302
0.07251191884279251
0.14827868342399597
-0.5901287198066711
0.9748083353042603
0.48132720589637756
-1.293176531791687
-0.6776770353317261
1.934739589691162
0.6533740758895874
-0.9986254572868347
0.7307795882225037
-0.35837027430534363
-0.4611911475658417
-0.17134998738765717
1.2591277360916138
-0.7860288023948669
-1.174252986907959
-1.5516376495361328
-67.58744049072266
-0.24170051515102386
-0.9106350541114807
-1.1077954769134521
0.6856998205184937
-1.7093634605407715
-0.9329942464828491
-1.5828475952148438
1.6103688478469849
0.7054685354232788
0.24664612114429474
0.5966747999191284
-1.134011149406433
0.05920489504933357
-0.5632185935974121
-0.6240983009338379
-1.6877615451812744
1.0033230781555176
-0.2739907205104828
-1.140931487083435
0.2567668855190277
-1.830265998840332
1.1114580631256104
-1.0244126319885254
-0.7644779682159424
1.4025981426239014
-0.6188189387321472
0.14914385974407196
1.1775901317596436
-0.8973338007926941
-1.0554500818252563
-0.5945345163345337
-1.354125738143921
1.1962413787841797
0.19923579692840576
1.7679989337921143
1.456002950668335
1.8621222972869873
-1.015689492225647
0.9736911654472351
0.2045869082212448
-0.49275460839271545
-0.1989019364118576
1.4044355154037476
1.4788565635681152
1.76514732837677
1.61648428440094
1.902489185333252
-0.41884446144104004
-0.9027365446090698
0.5070281028747559
1.9535818099975586
1.705854058265686
-0.7398663759231567
0.9379116892814636
-0.8824028372764587
0.31690558791160583
0.8547840714454651
-1.9673981666564941
0.2685909867286682
0.18486909568309784
-0.8273733258247375
0.22885540127754211
0.0292417760938406
1.5442447662353516
-1.866939902305603
0.9256227612495422
1.8688132762908936
1.0639704465866089
-1.1850636005401611
0.0122037623077631
-1.0790809392929077
-0.25902608036994934
-0.8581940531730652
1.7993220090866089
-1.7031779289245605
-0.34193381667137146
0.7483106851577759
1.2115998268127441
-1.8841657638549805
0.4083804786205292
-1.4757288694381714
1.5337282419204712
-1.6389020681381226
-1.7387422323226929
-0.008643019013106823
0.42774567008018494
0.4031999409198761
-1.3501410484313965
1.4431626796722412
-0.043980084359645844
-0.3486212491989136
-1.9261032342910767
0.2651689350605011
-0.01821213588118553
-1.8538637161254883
1.3181439638137817
-1.1638983488082886
0.3690052032470703
1.347779631614685
-1.5974388122558594
-1.9818177223205566
1.3784481287002563
1.4588488340377808
0.4795864224433899
0.5099406838417053
-0.5251927971839905
1.0177894830703735
-1.452390193939209
-0.805992841720581
0.24872739613056183
1.212005376815796
-1.2049920558929443
1.7054373025894165
1.9680097103118896
0.3237437605857849
-0.03482142835855484
-1.2246339321136475
-1.2633215188980103
-0.8149340748786926
-1.7993338108062744
-0.9278654456138611
-0.36138853430747986
0.7753788232803345
-0.048535995185375214
-1.22750985622406
0.32145264744758606
-0.8255438804626465
0.44847649335861206
0.9206605553627014
-325.1941833496094
-0.11435522884130478
1.7192233800888062
-0.9504262804985046
1.8815667629241943
-0.7041767835617065
0.8624010682106018
0.6987788677215576
1.7086917161941528
1.2343385219573975
-0.5157191157341003
0.3536984622478485
-1.9226032495498657
0.3142378032207489
0.964190661907196
-1.395837426185608
-1.5349757671356201
-0.10264530032873154
-1.6047947406768799
1.8833057880401611
1.0489124059677124
1.988028883934021
1.0974985361099243
-1.417091965675354
-1.7993167638778687
1.1557679176330566
-1.4383713006973267
0.07361841946840286
-0.46534252166748047
-0.8173779249191284
0.9853498935699463
0.5490239262580872
1.5845088958740234
0.5287973284721375
-0.9146056175231934
0.0054558333940804005
-1.7360156774520874
-0.13724806904792786
-1.0983155965805054
1.025162696838379
1.3924778699874878
0.7605565190315247
-1.1696667671203613
-0.5095309615135193
0.1641666293144226
0.6351208090782166
1.8702505826950073
1.4508235454559326
-0.8757361173629761
0.6437900066375732
1.9452154636383057
0.321685254573822
-19325.76171875
1.5126973390579224
-1.610363245010376
1.4236185550689697
1.3145880699157715
-0.8300308585166931
-1.0601989030838013
0.7518136501312256
1.3050522804260254
-0.4010508358478546
-1.6573485136032104
0.8653988838195801
1.2318828105926514
0.07735186070203781
1.5507290363311768
1.6854444742202759
1.106964349746704
-0.43342429399490356
1.0997284650802612
0.15999647974967957
-1.2432548999786377
-0.5664423108100891
1.1564699411392212
1.5990875959396362
0.6691539883613586
-0.08035015314817429
-5420.59130859375
0.6202338337898254
-0.7285863161087036
-0.49023696780204773
1.825108528137207
-0.22328466176986694
0.23951654136180878
1.9283254146575928
1.6970019340515137
1.990635633468628
1.4605133533477783
1.8965420722961426
0.8354361653327942
0.06847593933343887
-0.5078717470169067
-0.7085086107254028
-1.4468586444854736
0.23024500906467438
-1.1256030797958374
-1.1061843633651733
0.6530047655105591
0.8039569854736328
-1.0556004047393799
1.8372399806976318
0.8100990056991577
0.8965704441070557
1.2598464488983154
-0.9838950037956238
1.9668116569519043
-1.9583946466445923
0.7501861453056335
-1.2669346332550049
-1.5033056735992432
-0.7784801125526428
0.5080962777137756
-0.45612841844558716
0.2762487828731537
-0.31156906485557556
-0.5270555019378662
-1.3125709295272827
1.786109447479248
-1.6809760332107544
1.7073538303375244
0.7896093130111694
1.8066343069076538
-0.8986843228340149
1.5049532651901245
-1.7314667701721191
0.7533693313598633
-0.7667765617370605
-1.205786108970642
1.5627825260162354
0.6287236213684082
0.6037616729736328
0.9294704794883728
-1.0224051475524902
-0.9120888113975525
1.1655718088150024
12108881920.0
-0.6539153456687927
0.7279034852981567
-0.5987254977226257
0.628852367401123
1.6170940399169922
-0.7200575470924377
-0.055077843368053436
0.4882906973361969
0.14049962162971497
-0.6065608859062195
-1.332990050315857
0.643435001373291
0.6247681975364685
0.09177454560995102
-1.7813817262649536
-0.9138370752334595
-0.7331539392471313
-0.48486727476119995
0.6315633058547974
-2867.15185546875
-0.9686809778213501
19.662864685058594
-1.6909477710723877
1.7213068008422852
1.3751949071884155
0.6707715392112732
-0.4188818335533142
0.17840957641601562
-1.0605223178863525
-1.114102840423584
-1.0971474647521973
-0.3901560604572296
0.8871307373046875
-1.7599776983261108
0.4392220973968506
-0.43671539425849915
-0.30970299243927
0.12597620487213135
-1.9237992763519287
-1.1906468868255615
0.9777736067771912
-1.3037781715393066
-0.3723999857902527
0.04715629294514656
1.9830024242401123
1.7974586486816406
-0.17910298705101013
-0.1632254719734192
-1.679931640625
1.6978950500488281
0.7693893313407898
-0.3194558918476105
-0.07055283337831497
1.9623253345489502
1.078017234802246
-0.4906240701675415
-1.0136444568634033
0.4572283625602722
-1.7923249006271362
-1.4829448461532593
-0.9887257814407349
0.1135481670498848
0.1911323070526123
0.5983676910400391
0.48454412817955017
-32313.013671875
-0.7280652523040771
1.4041835069656372
-1.7643550634384155
-0.23304232954978943
-1.4076416492462158
-0.92704176902771
0.14249052107334137
0.7763616442680359
-1.2013357877731323
1.0588268041610718
0.6348804831504822
0.17156995832920074
-0.7151404023170471
0.9773405194282532
-1.4000799655914307
0.7210367918014526
1.279889464378357
0.49206486344337463
-1.284708023071289
-0.5290512442588806
-1.752596378326416
0.6032160520553589
1.5809532403945923
-1.2369072437286377
0.7820033431053162
1.8992748260498047
0.16059808433055878
1.2991001605987549
-1.2622851133346558
0.4974434971809387
0.6140491962432861
-0.35445424914360046
1.8076585531234741
-0.8244138956069946
-1.0697970390319824
1.992316722869873
-1.7060028314590454
-1.646623969078064
-1.3465441465377808
1.5458183288574219
1.2977834939956665
-1.3257044553756714
0.8398817181587219
1.508975863456726
-0.9834218621253967
-0.20492880046367645
-1.9437307119369507
0.009397891350090504
0.652479887008667
1.6582070589065552
1.23271644115448
0.6899688243865967
1.791413426399231
-1.5631238222122192
-0.999511182308197
1.621498942375183
1.3472790718078613
0.2880781292915344
1.2706148624420166
0.24548716843128204
-1.1382222175598145
1.4330521821975708
-0.05993824079632759
1.7840301990509033
0.40726321935653687
-0.021527132019400597
-0.5839715600013733
1.9771852493286133
0.6397513747215271
-1.8767642974853516
0.6356769800186157
1.852539300918579
-1.623469591140747
-0.05313799902796745
0.46764880418777466
-0.4608229100704193
1.2731302976608276
0.33223652839660645
-1.1987055540084839
1.2487592697143555
1.0625338554382324
-1.6012240648269653
0.1342783421278
-1.5868414640426636
-1.1217682361602783
1.8356531858444214
-1.6463936567306519
0.6500294804573059
-1.801510214805603
-0.6056178212165833
1.1070165634155273
-1.2961565256118774
0.325876921415329
-0.1681830883026123
1.3409943580627441
0.5781208872795105
-1.778063178062439
0.6008790731430054
-0.7369812726974487
-1.8774663209915161
-1.4829962253570557
-0.6513280868530273
-0.6563193202018738
1.9340046644210815
-0.18646200001239777
1.091951847076416
-0.9093737006187439
1.2683250904083252
1.561184287071228
0.7399750351905823
0.3727383613586426
-0.05181219428777695
-0.8350662589073181
-0.5677513480186462
1.1038705110549927
1.6585967540740967
1.238425612449646
-1.397482991218567
-0.7748862504959106
1.83741295337677
1.8432377576828003
1.2127071619033813
0.20232519507408142
-1.8488197326660156
0.9587847590446472
1.056928277015686
0.9536547660827637
-0.03200305253267288
-0.8748241066932678
0.06716669350862503
-0.8670769333839417
-1.3834714889526367
-0.017109166830778122
0.7724578380584717
1.4948900938034058
1.003544807434082
1.0560909509658813
-1.9767849445343018
0.1268637329339981
1.663299798965454
0.18269936740398407
1.6891998052597046
-1.2581766843795776
1.7399379014968872
0.9792232513427734
1.0183806419372559
-1.3611831665039062
1.9672129154205322
-0.11768188327550888
0.31065094470977783
-1.7053948640823364
0.8857749104499817
0.36608707904815674
-0.2835789918899536
-1.770296335220337
0.19715170562267303
-0.9962201118469238
-1.4224379062652588
0.34554895758628845
1.860917329788208
-0.3815963566303253
5.100578784942627
-1.8957960605621338
-1.6033329963684082
0.5367575883865356
-1.7541319131851196
1.5501474142074585
-1.161709189414978
0.32741615176200867
-0.15294702351093292
-0.4057721793651581
-0.7586742043495178
-1.695335865020752
0.3250569701194763
0.49178147315979004
-0.8129604458808899
0.522711455821991
-0.045406524091959
1.230271816253662
1.327562928199768
-0.09331328421831131
1.4702436923980713
0.8667539358139038
-1.1525890827178955
-1.2572453022003174
350.5621643066406
-0.07816500216722488
-0.30983656644821167
-0.8993917107582092
-1.5244140625
1.770886778831482
-1.1127101182937622
0.6650484800338745
-1.4916582107543945
0.49098920822143555
0.15437515079975128
-1.6135889291763306
-1.0705145597457886
0.9772716164588928
1.0286743640899658
-0.8077006340026855
0.24128441512584686
-0.5865243077278137
1.5705701112747192
-1.9035412073135376
1.6433639526367188
-0.494203120470047
-1.4829822778701782
1.9421769380569458
-0.8813821077346802
1.6742414236068726
61597462528.0
1.914772629737854
-0.7617030143737793
-0.4045974016189575
1.7581619024276733
-1.5333484411239624
1.832160472869873
0.37536370754241943
-1.7051527500152588
0.5722706913948059
-0.34643861651420593
0.6769588589668274
-1.7875150442123413
1.7371304035186768
0.5362825989723206
0.5468629598617554
1.5361318588256836
-0.37255504727363586
-0.4811515212059021
0.7705178260803223
-1.217575192451477
0.14819654822349548
-2.4516310691833496
1.610075831413269
1.7196059226989746
-0.2966911196708679
-2.556762933731079
-1.5610158443450928
-1.6341779232025146
0.4407387375831604
-1.7021564245224
1.0736740827560425
1.409110188484192
-0.307369589805603
-1.3568756580352783
-0.3193826377391815
-0.21471989154815674
1.7870787382125854
1.352353811264038
-0.8303965926170349
-0.02157728001475334
-0.6855898499488831
0.7368760704994202
-0.9991832971572876
-1.330271601676941
0.8909398913383484
0.0031810333020985126
0.5514314770698547
-3.6027307510375977
1.4489091634750366
-246629.328125
-1.6957674026489258
-3280.91015625
1.394136667251587
-1.9805084466934204
-0.5556358695030212
3253.32275390625
0.06763628125190735
-1.27411949634552
-0.5626290440559387
1.6003533601760864
-0.03955291956663132
0.8098658323287964
1.2486985921859741
0.5277683734893799
-0.4891820549964905
-1.2494889497756958
0.5634812116622925
0.31745705008506775
0.33517545461654663
0.6891978979110718
-1.3428469896316528
0.16767042875289917
0.5467182993888855
-1.1951849460601807
-0.8269128203392029
-1.1463052034378052
-0.536782443523407
-0.8626077175140381
1.6825677156448364
787.9586181640625
-0.16323228180408478
112.61653137207031
1.4296646118164062
1.0709121227264404
-1.4999765157699585
-0.013397815637290478
-0.7565006613731384
0.9791684746742249
1.8032405376434326
1.1884961128234863
1.1917917728424072
-0.22735056281089783
0.28601083159446716
-1.634429693222046
-1.1242692470550537
1.7623662948608398
-0.8844798803329468
-230032880.0
1.1137319803237915
-0.6135996580123901
-1.3645544052124023
-1.807955026626587
-0.5693185925483704
-0.8345432281494141
-1.8484278917312622
1223001088.0
1.904712200164795
1.5812616348266602
-0.7083373069763184
730196608.0
0.6793596744537354
0.528107762336731
-0.31776919960975647
0.21873849630355835
0.1720729023218155
0.2548784911632538
-1.4296380281448364
-1.8349206447601318
-1.9043633937835693
-0.3865990936756134
0.8274706602096558
-1.1266908645629883
1.4424046277999878
-0.5263944268226624
-1.4205378293991089
0.37170085310935974
0.3263455331325531
270.7530822753906
-0.047231707721948624
-0.7710771560668945
-0.22195665538311005
-1.0019384622573853
0.4736117422580719
-1.0363993644714355
-1.3626861572265625
-1.8975203037261963
1.5977323055267334
0.48045700788497925
-1.3809340000152588
1.8186471462249756
-0.3600802719593048
0.18615470826625824
-1.0462281703948975
-1.514729380607605
-0.18363875150680542
0.39009541273117065
0.5602307319641113
0.022048361599445343
1.0414767265319824
0.2566559314727783
1.2064369916915894
0.8837671875953674
1.9198745489120483
0.9917201399803162
-1.2177674770355225
1.4925607442855835
-1.8185207843780518
-1.1615796089172363
1.6968879699707031
0.9775634407997131
1.925784945487976
-1.9983550310134888
0.3369453251361847
-1.8949946165084839
0.06315261125564575
-0.955839216709137
-0.6226516962051392
0.5900436639785767
-1.0403095483779907
-0.6169289350509644
-1.1816126108169556
0.013609343208372593
-0.5686690211296082
1.4553335905075073
1.8177372217178345
-0.28149062395095825
-0.7805126309394836
0.1460811346769333
-206.1339569091797
0.8451141715049744
-1.6496212482452393
1.7272422313690186
-0.9680507183074951
1.5566437244415283
-1.3727964162826538
-0.1516207754611969
1.1860504150390625
-1.1050455570220947
0.7125377655029297
-0.8996186256408691
0.9670173525810242
1.4777326583862305
-1.7190438508987427
-0.2758946716785431
-1.5472602844238281
-0.9078946113586426
-0.9261664748191833
0.5229910612106323
1.387205958366394
-0.8059921264648438
-1.0214869976043701
1.7233450412750244
-1.4296929836273193
-1.2991021871566772
1.1255158185958862
1.3278287649154663
1.49632728099823
1.8390041589736938
-0.5179954171180725
-1.5748159885406494
1.6036810874938965
-1.8346754312515259
-1.6451094150543213
1.2632898092269897
-10.197526931762695
0.9892681241035461
-28.22215461730957
-0.6021127700805664
-17.04140281677246
1.7060987949371338
-1.631170392036438
-1.4942357540130615
-45.54117965698242
1.334338903427124
1.7269678115844727
1.0320338010787964
0.9834862351417542
-0.5318594574928284
0.7233846187591553
-0.5412041544914246
-60.7274169921875
1.3339372873306274
0.491633802652359
0.6804039478302002
-1.2958377599716187
1.4583295583724976
1.8103424310684204
1.8898335695266724
1.375003457069397
1.4739658832550049
0.17686977982521057
1.126140832901001
0.7278069853782654
-0.7015202045440674
-1.8411802053451538
1.7398655414581299
0.4569750428199768
-0.3270776569843292
-0.5380367636680603
-1.4286702871322632
0.8134186267852783
0.5776861906051636
-17251402.0
-1.8436156511306763
0.6066659688949585
-1.7878904342651367
-0.5516839027404785
-0.14556315541267395
-0.6635497212409973
-1.8056282997131348
0.019500866532325745
-595.9223022460938
-1.8027528524398804
1.3339426517486572
-0.34995517134666443
-331.2073669433594
-1.3487547636032104
1.607696771621704
-0.19926463067531586
-1.3733829259872437
1.5978026390075684
-1.3482093811035156
1.5952049493789673
-0.6114794015884399
1.8248826265335083
-1.2533347606658936
1.7003288269042969
1.773594856262207
-0.061286795884370804
-1.3106693029403687
0.014328030869364738
-0.6180473566055298
-0.7171282172203064
-1.5822410583496094
0.5409013628959656
0.847497820854187
0.7874135375022888
0.9162423610687256
1.091271162033081
1.993808388710022
1.9984148740768433
-3240857856.0
-0.1756564974784851
0.8878777027130127
1.0452158451080322
0.5509124994277954
0.14209511876106262
0.22455506026744843
-1.0382823944091797
1.9670941829681396
-0.7297658920288086
-1.6814777851104736
-2828916.25
-1.70574951171875
-1.2683202028274536
-0.2417423278093338
-503765.96875
1.4675406217575073
-1.7964898347854614
0.8452935218811035
0.5756985545158386
-1.2246568202972412
0.23917216062545776
0.49547597765922546
0.6618120670318604
-1.7643510103225708
0.1414840817451477
-2629.820068359375
-0.3688693642616272
1.5045381784439087
-1.9085570573806763
-0.7147458791732788
-1.7778840065002441
-0.9902721047401428
-35457.359375
0.27733343839645386
1.8076242208480835
1.9381376504898071
-0.6179691553115845
1.4382041692733765
1.8648868799209595
1.2160714864730835
0.16971705853939056
-0.140638068318367
-1.7548810243606567
0.9764181971549988
-0.8091796636581421
1.0583109855651855
-0.8545121550559998
1.1617475748062134
-1.3935151100158691
1.890338659286499
-1.023935317993164
1.2402095794677734
1.8938469886779785
-1.238561987876892
-0.9067307114601135
-1.3966442346572876
1.959526538848877
0.8001750111579895
-1.0643196105957031
1.3885782957077026
1.5588970184326172
0.4667944610118866
-1.1467359066009521
0.12964127957820892
1.043049693107605
0.8795965313911438
0.9851481318473816
0.854950487613678
-0.717720627784729
-0.377422958612442
-0.5890424847602844
-1.266925573348999
-1.206830382347107
1.1106382608413696
-0.5157302021980286
-1.4914335012435913
-0.4661301076412201
-379959.625
-0.6282035708427429
0.5786891579627991
1.518283724784851
-1.7623929977416992
0.8570876717567444
0.6976320147514343
0.8471522331237793
0.689569890499115
1.0401510000228882
0.3984338343143463
1.829415202140808
-0.3133902847766876
1.505477786064148
-0.7475664019584656
1.3887660503387451
-1.0697590112686157
-1.0482943058013916
0.02414941042661667
1.9864325523376465
-1.6320443153381348
1.006386160850525
1.7426979541778564
0.04512769728899002
1.3952207565307617
0.43615931272506714
-349.20098876953125
-1.305301308631897
0.6565255522727966
-0.5184343457221985
-1.5785551071166992
-1.6345888376235962
1.7283049821853638
0.06327798217535019
0.5737797617912292
-1.896651268005371
1.3610426187515259
0.9103408455848694
1.4661458730697632
-0.5514752268791199
-1.041606068611145
0.9446213245391846
-0.03281952813267708
-1.6886581182479858
-1.755670428276062
0.22997532784938812
-0.3776964545249939
-0.5105167031288147
0.4089008867740631
1.0721454620361328
-1.477830410003662
-0.44302254915237427
-24524332.0
-1.0397127866744995
0.6010144352912903
0.9506435990333557
-1.1833734512329102
-0.04130979999899864
-0.14962619543075562
-0.848662793636322
0.5587990283966064
-1.8955498933792114
0.8623133897781372
1.9646885395050049
1.0001380443572998
-0.8861289620399475
-0.3928142786026001
0.027157053351402283
1.1710158586502075
1.0703495740890503
-1.2874332666397095
0.5058107376098633
-192.29014587402344
0.8139971494674683
-49984.64453125
0.5048487782478333
1.8254977464675903
-1.0385394096374512
-84772816.0
1.8488889932632446
0.16088755428791046
0.7058210372924805
1.595540165901184
1.748741626739502
-0.5850125551223755
-85.94631958007812
1.3590267896652222
-133.6301727294922
-1.1021729707717896
-1.7786426544189453
1.3915332555770874
-1.2698153257369995
0.7975301742553711
1.1994329690933228
-1.7392635345458984
1.063016653060913
-305.9073181152344
-0.12108104676008224
-2690.849853515625
0.7852640151977539
-1.651383399963379
-1.1206306219100952
-1.5821818113327026
-1.7200461626052856
-1.234980583190918
1.4149425029754639
-1.0571818351745605
-1.9679278135299683
0.5536410212516785
-0.8246349096298218
-1.7150135040283203
-1.145087480545044
1.92963707447052
0.70402592420578
-0.34200093150138855
-0.5210623741149902
1.5628917217254639
0.6610291600227356
-1.4084291458129883
-1.3699188232421875
1.1292482614517212
-0.8213018178939819
-0.4366167187690735
-0.24594008922576904
-0.5576421618461609
-0.9511566758155823
-0.8780161738395691
-0.3348727524280548
0.46406203508377075
1.0714949369430542
0.2330525517463684
-0.7638910412788391
-0.8828088641166687
0.7777450084686279
-0.26992449164390564
-0.7129524946212769
0.16361333429813385
1.709513545036316
-1.334781527519226
0.8312985301017761
1.6628817319869995
-1.1794192790985107
-0.23364627361297607
1.5327495336532593
-1.2042295932769775
1.754431962966919
0.3505368232727051
-0.8598021864891052
1.310174822807312
0.5475006103515625
-0.5058066248893738
-0.9992642402648926
0.1522178202867508
-1.527108073234558
1.0960893630981445
-0.874956488609314
-0.8814619779586792
-1.6019057035446167
0.8941142559051514
-210.3170928955078
-1.7632577419281006
-496.8817443847656
-1.2711063623428345
1.279604434967041
-1.48203444480896
-0.9964001774787903
1.5846755504608154
0.3985862731933594
0.757969856262207
-1.4268932342529297
-1.1784018278121948
-3.3785386085510254
0.07066462188959122
-366.2917175292969
0.31873637437820435
-1.3870958089828491
-1.6110081672668457
-1.8541871309280396
-0.011198162101209164
-856.4154052734375
-0.32107219099998474
-0.5060104131698608
0.3988538086414337
-58.324283599853516
1.8289819955825806
-97.65746307373047
-1.3592950105667114
-29835.0546875
-0.4781833589076996
0.5420161485671997
-1.6763513088226318
0.5309180021286011
-1.7495476007461548
-0.8876211047172546
-1.7899779081344604
-1.6365196704864502
-0.1824495792388916
-1.2416414022445679
-0.10082641243934631
-1.526594638824463
1.2519642114639282
1.4186304807662964
1.3489986658096313
0.2546631395816803
-1.9768054485321045
1.395211100578308
-0.5256445407867432
-0.3992197513580322
-1.698547124862671
1.0791208744049072
-1.4958133697509766
0.40486010909080505
0.888604998588562
0.925992488861084
-0.3444352447986603
-0.4551674425601959
-0.9696434140205383
1.5013337135314941
0.09421934932470322
-1.5629392862319946
1.851038932800293
0.7982113361358643
-1.9555288553237915
1.5113157033920288
-1.4714995622634888
-0.3237939774990082
-1.2766644954681396
0.6030240058898926
1.918455719947815
-1.5771563053131104
-0.574725866317749
-0.25288286805152893
-525.0639038085938
-1.0553442239761353
-0.9093747138977051
0.5669562220573425
-113.44061279296875
-1.3886247873306274
-1.4160205125808716
1.526424765586853
0.7028403878211975
-0.9659793972969055
-0.0558316633105278
-1988.04052734375
-1.930424690246582
-653.4656372070312
0.571912407875061
0.4282439053058624
-1.573979139328003
-0.6944404244422913
0.7538259029388428
-0.8883454203605652
1.6268410682678223
1.7971277236938477
1.798308253288269
-0.6566960215568542
-0.8540199398994446
0.011717208661139011
-1.3782165050506592
-0.6728218793869019
-69.50363159179688
-0.3370771110057831
1.478158712387085
-0.8540796637535095
-0.3844786286354065
-1.2578637599945068
1.3194607496261597
1.1980875730514526
-1.4029440879821777
-0.6814478635787964
-0.07737226784229279
-1.4977487325668335
0.6391378045082092
0.7205645442008972
1.9686756134033203
-1.996727466583252
-0.6751006841659546
-1.9227343797683716
-52648628.0
0.7770214080810547
0.8799718618392944
0.18987475335597992
-1.6521204710006714
-0.8445301651954651
-0.5632806420326233
-0.8861545920372009
-309.3310852050781
-1.7270606756210327
-1.918776273727417
-1.628186583518982
-1.0289251804351807
-1.6215804815292358
-0.19506557285785675
1.6345396041870117
1.9141067266464233
0.36311405897140503
0.8013185262680054
-1.2861464023590088
0.4059554636478424
0.4325410723686218
-1.547146201133728
1.1154656410217285
1.3383549451828003
1.039475440979004
1.3271496295928955
1.9765801429748535
-7867.82177734375
-0.937953531742096
1.4084863662719727
-0.9689046740531921
-1.7198543548583984
-0.7659572958946228
-874.2109985351562
1.5827983617782593
-0.7284963130950928
0.7311553359031677
-0.23438364267349243
1.2934120893478394
-1.9671136140823364
-0.4578951895236969
-1.826828956604004
1.5162378549575806
-1.8620827198028564
-0.4054211676120758
0.5240013599395752
0.90229332447052
0.08125368505716324
1.3624154329299927
-19819716.0
0.5910975337028503
-862.1661376953125
1.759731650352478
-79.83917999267578
0.521564781665802
-1.2402888536453247
0.675064206123352
-1.6362123489379883
0.07364940643310547
-35.29942321777344
-1.7051992416381836
1.2408043146133423
0.8837875723838806
-1.3010680675506592
-1.4642285108566284
-0.28645965456962585
1.9878065586090088
1.8655890226364136
-1.8971258401870728
-1.539551854133606
1.3219842910766602
-1.4250246286392212
-1.3249069452285767
0.5392938852310181
-0.9355036616325378
1.1628034114837646
-1.7107491493225098
1.4361478090286255
0.2825090289115906
-0.8418034911155701
0.28420209884643555
-1.4141372442245483
1.8991847038269043
-4.65799617767334
0.44820159673690796
1.0223451852798462
-1.465143084526062
-654.26318359375
1.762929081916809
1.9118064641952515
1.1773662567138672
0.22173923254013062
0.7398036122322083
0.36988815665245056
1.2135509252548218
0.29211002588272095
1.11173677444458
-1.7025730609893799
0.8298652172088623
1.3067320585250854
1.9487532377243042
0.39114922285079956
-0.29283037781715393
1.1064738035202026
-1.294658899307251
-1.076686143875122
1.6151397228240967
-152.11631774902344
0.832629919052124
-1.1778008937835693
-0.833117663860321
1.8103541135787964
0.24019615352153778
0.5236045718193054
-1.1248914003372192
-0.5240911841392517
1.4588749408721924
-1.5792312622070312
-0.14545221626758575
1.4261260032653809
-1.6633912324905396
0.06477931141853333
-0.9743432998657227
-0.04659644141793251
1.5830121040344238
1.8266611099243164
0.8420141339302063
-4.132728099822998
-0.15839490294456482
1.8272827863693237
0.801790714263916
-1.048917293548584
-1.778562307357788
-58.53702163696289
1.8561092615127563
-31874.744140625
-1.6866897344589233
0.42674800753593445
1.7888967990875244
0.6683589816093445
1.570540428161621
-1.5927778482437134
-133.26022338867188
1.647268533706665
-0.3648739159107208
0.7535476684570312
-1.1859290599822998
1.6336405277252197
-1.2617894411087036
1.921351432800293
-1.7501627206802368
1.2027525901794434
0.49899253249168396
1.5080068111419678
-1.3213438987731934
-11808.6103515625
1.8275392055511475
0.3042643964290619
0.823908269405365
-1468352128.0
0.5011029839515686
1.942055106163025
0.27103203535079956
-1.330422043800354
1.3663641214370728
-0.022214028984308243
1.9623100757598877
-0.6712288856506348
0.7178113460540771
0.14076761901378632
1.5657626390457153
1.1185925006866455
-1.8134779930114746
-0.9748943448066711
0.6783429980278015
1.605857014656067
1.984035611152649
-1.2620611190795898
-0.6822193264961243
-0.28414595127105713
1.3500431776046753
-1.5610039234161377
1.4143621921539307
-1.2836802005767822
0.3625102639198303
-0.43245619535446167
0.536160945892334
0.21499751508235931
-298295.75
-1.462595820426941
-0.7316716909408569
-1.689835548400879
-1.8369232416152954
-0.9673547148704529
1.3302943706512451
-0.2572910785675049
-0.7857418060302734
1.7246876955032349
-0.8778398633003235
0.6014584898948669
-0.3883884847164154
-1.5092287063598633
1.1914513111114502
1.283470630645752
-1.8062703609466553
0.35930269956588745
-0.495552122592926
-1.7968746423721313
-1.7267588376998901
-1.8424407243728638
1.4424258470535278
-0.8708547353744507
1.393113613128662
-1.6217706203460693
-1.8837294578552246
1.979023814201355
-7.809530735015869
-1.3605045080184937
-93.03378295898438
-0.3127773404121399
1.4054749011993408
1.935539722442627
1.4813129901885986
-0.4863332509994507
-1.4592549800872803
-1.3055602312088013
1.5664873123168945
0.37606337666511536
-1.7586615085601807
-1.2520474195480347
-27.126506805419922
0.024022700265049934
-0.8676213026046753
-1.5003094673156738
-0.4229480028152466
1.2750921249389648
1.954091191291809
-0.7399359345436096
-1.5246864557266235
1.8078749179840088
-293660.1875
0.4810817241668701
-0.41166770458221436
0.8843141198158264
-160.4510498046875
-0.4584144353866577
-1.2627747058868408
-0.024011990055441856
-1.0534433126449585
0.6229247450828552
-926.150634765625
0.27328503131866455
1.800930142402649
-1.6655112504959106
0.6620305180549622
-1.6624202728271484
1.1804662942886353
0.2651800811290741
-4.484667778015137
-1.662530541419983
-0.6718460321426392
-1.5194499492645264
0.9182791709899902
0.4868116080760956
0.3983950614929199
0.8817038536071777
1.200750708580017
-1.9445940256118774
0.42081981897354126
-0.43939054012298584
-1.585239052772522
-1.1060941219329834
1.8425896167755127
-1.3753373622894287
-1.6360864639282227
-0.4107312560081482
-1.9102288484573364
1.0189381837844849
0.9897283315658569
-0.37602636218070984
-1.994563341140747
0.006059006787836552
-1.2409086227416992
0.511919379234314
-0.9258501529693604
1.2578402757644653
0.16084657609462738
-1.3813674449920654
-1.5875372886657715
-0.8978862166404724
-1.2684965133666992
-1.7564167976379395
0.3599216341972351
1.3181560039520264
-0.821779191493988
1.446099877357483
1.5575356483459473
-1.7574710845947266
-0.49789488315582275
1.4756864309310913
1.708367943763733
1.2070965766906738
-1.9233142137527466
-1.576515555381775
1.1050407886505127
1.334574818611145
0.2440199851989746
-1.430397629737854
-0.5023369789123535
0.8588854074478149
-1.3343371152877808
1.9025158882141113
-1.826283574104309
0.8489700555801392
0.1809130609035492
-1.1802246570587158
-0.7705702781677246
1.6222240924835205
-0.9234333038330078
1.5031301975250244
-0.6997981667518616
-1.6759085655212402
0.14016379415988922
-0.8681703209877014
0.5897007584571838
0.8051783442497253
0.4587060809135437
-1.0635488033294678
1.112410068511963
-1.1987184286117554
0.422698438167572
1.242476224899292
-0.7624990344047546
0.6483466625213623
-0.9040199518203735
1.832603931427002
1.5881264209747314
-0.23271511495113373
-1.5216771364212036
-1.4336904287338257
-0.8479649424552917
-1.969481348991394
0.7364943623542786
1.7210108041763306
-1.5407538414001465
-0.902816116809845
-1.9413855075836182
-1.0075348615646362
-1.191109538078308
1.431904673576355
1.5254638195037842
1.5941593647003174
0.44002532958984375
1.4154164791107178
-3.4042253494262695
1.0318396091461182
0.5706316232681274
-0.016291161999106407
0.7050238251686096
1.0576486587524414
-1.7656433582305908
-1.7647017240524292
0.44096341729164124
-1.5209568738937378
1.9652552604675293
-3.9442150592803955
-1.34609854221344
-1.5197124481201172
1.0097116231918335
-2680.1826171875
0.3851323425769806
1.7777860164642334
-0.9737228155136108
-1.9029929637908936
-1.6681039333343506
0.13408181071281433
-1.8453425168991089
1.5628825426101685
-4.809894561767578
0.2669025957584381
0.6670529246330261
0.5202149748802185
-0.8756857514381409
-0.09312476962804794
-0.6513712406158447
1.937106728553772
0.8546113967895508
-1.8755061626434326
-1.0116997957229614
1.8740490674972534
1.5888742208480835
-1.0675938129425049
-0.0319303460419178
-1.8366950750350952
0.14259131252765656
1.2485322952270508
0.2638258934020996
-0.5457251667976379
-0.19514936208724976
-1.941796064376831
-0.5200208425521851
1.7699998617172241
-0.41227179765701294
1.6460446119308472
1.011006474494934
1.980723261833191
0.7889082431793213
0.9208264350891113
0.8846397399902344
-1.2131407260894775
-1.2729661464691162
-10.121015548706055
1.6822493076324463
0.9749206900596619
0.6358420848846436
-4.554116725921631
1.7276984453201294
-1.2734127044677734
1.0991159677505493
1.9738569259643555
-1.9740204811096191
-4.35587215423584
-0.9954084157943726
-1.263158917427063
-1.6388516426086426
-2.967540740966797
-0.09038140624761581
0.10496693849563599
0.7096377015113831
-1.479828953742981
0.7379716634750366
0.7476128339767456
-1.1382733583450317
-0.7507336735725403
-31397.671875
-0.16529101133346558
-0.6031138896942139
0.718220055103302
-1.7667640447616577
-0.6506972312927246
0.5639963746070862
-1.023853063583374
0.1830008625984192
-0.6696256399154663
-0.7095944881439209
-1.9658888578414917
0.76201993227005
1.5275828838348389
0.3314453959465027
-1.9004381895065308
-0.25622791051864624
-1.6686352491378784
-0.5444601774215698
0.8980596661567688
-0.1323692798614502
0.768661618232727
1.5870702266693115
1.8706629276275635
-0.09301312267780304
1.8321301937103271
1.113040804862976
0.5013027191162109
0.2899690866470337
-1.0651252269744873
-1.850446343421936
-1.3967652320861816
0.14373411238193512
0.895861804485321
-1.1629881858825684
1.0280379056930542
0.8603338003158569
-1.7261929512023926
1.8653696775436401
1.3708500862121582
-0.3095041513442993
-1.5606271028518677
0.2714219391345978
-1.9600473642349243
-1.0454068183898926
0.24155282974243164
-1.4313246011734009
0.43219423294067383
0.40203583240509033
0.361934632062912
-1.0376170873641968
1.1556427478790283
1.3368252515792847
-0.042963605374097824
-0.38190189003944397
-0.8071997761726379
1.847025990486145
-1.828446626663208
1.9161168336868286
-0.7791803479194641
-0.09413658827543259
0.35141849517822266
1.9176656007766724
-0.11687558889389038
-1.8009746074676514
0.45694369077682495
0.5993255376815796
1.5829118490219116
1.9619395732879639
1.2164796590805054
0.6009053587913513
1.8762458562850952
1.7802960872650146
-1.7674380540847778
-0.5526430606842041
-0.10878431051969528
0.3685784935951233
1.329767107963562
1.124086618423462
0.8600258231163025
0.12613502144813538
0.42318493127822876
-0.9901946187019348
1.2991514205932617
-1.0411672592163086
0.16861583292484283
-1.7292475700378418
-1.274946689605713
0.4331229627132416
-1.7956901788711548
0.02628258801996708
0.3030189275741577
-0.035786937922239304
-0.20914463698863983
-2.099527359008789
1.3925745487213135
-0.3587142527103424
-1.7387990951538086
0.946210503578186
1.8775050640106201
-1.6085096597671509
0.9286447167396545
1.453778624534607
0.26824167370796204
-1.57216477394104
1.8465492725372314
1.684718370437622
0.7264924049377441
-0.35928240418434143
0.5519883036613464
-0.30189913511276245
1.883875846862793
-0.6973381638526917
1.2115769386291504
1.8547402620315552
1.8999574184417725
-0.2595192492008209
-1.989486575126648
1.9619783163070679
-0.22263988852500916
1.1597927808761597
-0.43804895877838135
0.88569176197052
-1.8343504667282104
-1.1095887422561646
1.4696029424667358
-1.7241109609603882
-1.802186131477356
-1.661321997642517
-0.6097708940505981
1.0790929794311523
0.5869792103767395
1.0773547887802124
-0.8565572500228882
-1.0725908279418945
-1.5531967878341675
0.5041237473487854
1.8093336820602417
-1.2619174718856812
-0.6600385904312134
-0.0967937707901001
1.9794158935546875
0.5915870666503906
-1.4765878915786743
1.6814578771591187
-0.004057066049426794
-0.07873737812042236
1.8845051527023315
-0.6563746333122253
0.964895486831665
-1.4910861253738403
-1.1216185092926025
-1.1670277118682861
0.6170329451560974
-0.0053993575274944305
0.4600178897380829
1.4586209058761597
1.8291887044906616
1.5166667699813843
-1.403847098350525
-1.7900429964065552
-1.0404396057128906
0.6478241682052612
-1.1812613010406494
-0.9712315797805786
-1.5923174619674683
1.2185808420181274
1.2326856851577759
0.8623507618904114
-54.5018424987793
0.3805268108844757
1.9958982467651367
-0.5188871622085571
-0.8375827670097351
-1.522727370262146
1.2915457487106323
1.9962172508239746
-0.3779661953449249
-1.3104146718978882
0.9261095523834229
-0.9112133383750916
-1.4643439054489136
0.1870427280664444
0.30680540204048157
1.6159422397613525
0.7222490310668945
-0.12606118619441986
-1.5467740297317505
-1.1585544347763062
-0.10851572453975677
-0.501797616481781
0.7624644637107849
-0.4031565487384796
1.2774063348770142
1.2972644567489624
0.9064022898674011
0.7565773725509644
-1.2040239572525024
-1.7515594959259033
-1.5467554330825806
-1.4585174322128296
-1.229610800743103
0.1612120121717453
1.3825560808181763
-1.869752049446106
0.12446149438619614
-0.6365450620651245
1.3829201459884644
0.8158242106437683
-1.1327598094940186
-1.997033715248108
0.3122616112232208
1.4482589960098267
0.09376060962677002
0.4649607837200165
0.872259795665741
1.1802328824996948
1.097188115119934
1.8718823194503784
-21189.396484375
-0.7506427764892578
-0.6962748169898987
0.3635784089565277
0.4448777735233307
0.3862403333187103
2832.433837890625
1.4774610996246338
-0.3828631043434143
-1.071187973022461
-0.26456063985824585
-0.06478922814130783
-1.8482939004898071
-0.17025251686573029
-0.3188474476337433
1.277135968208313
0.42399904131889343
-1.7716413736343384
1.8628000020980835
0.6808398962020874
0.7444977164268494
0.8303926587104797
0.7585248947143555
-1.769280195236206
-0.4710388481616974
-1.7029836177825928
-1.6000208854675293
0.1795365959405899
4.355620384216309
0.3735007643699646
-0.6823909282684326
-0.3217560946941376
1.2937016487121582
0.7137612104415894
0.2244110405445099
0.09033149480819702
0.12449800968170166
-0.06396041810512543
1.6762782335281372
0.850860059261322
-1.4878015518188477
0.41434186697006226
0.8145807981491089
0.2114844024181366
-0.14003409445285797
1.8167352676391602
-1.2493256330490112
1.9144591093063354
0.5785847306251526
-0.17762547731399536
-1.9458765983581543
-0.5754610300064087
-1.2274314165115356
-0.9976610541343689
1.020066499710083
0.6648895740509033
-1.2175997495651245
0.7150811553001404
-345.9592590332031
-1.2150629758834839
1.7317031621932983
-1.803726315498352
-0.585551381111145
0.3147977292537689
1.6548337936401367
0.5261462926864624
-0.5733199715614319
-1.3179680109024048
-0.5401079058647156
0.5326988697052002
1.0910062789916992
-0.10261565446853638
-0.7631657123565674
-0.3051944375038147
1.7477471828460693
0.4658193588256836
1.6146538257598877
-0.3962463140487671
654.0619506835938
-1.3548942804336548
1.3271962404251099
-1.6536321640014648
-0.31562960147857666
-1.9526606798171997
-0.5430406928062439
-1.735101580619812
-0.068106509745121
-0.6597040295600891
1.0127544403076172
0.45239678025245667
-0.8464598059654236
-0.4626469612121582
1.3843356370925903
-1.2460142374038696
-1.7302783727645874
1.5783817768096924
0.9946849346160889
0.36381155252456665
0.9319748282432556
-1.7489445209503174
1.9225698709487915
-0.48778024315834045
-1.3633480072021484
1.4197754859924316
1.2793251276016235
-1.6160222291946411
1.788390040397644
1.0950909852981567
-1.2415796518325806
0.29322192072868347
0.2395513504743576
1.6320602893829346
-1.398307204246521
-1.5561144351959229
-1.8472626209259033
1.6051961183547974
-0.13589760661125183
0.8563479781150818
-1.2695999145507812
1.3160654306411743
-0.7591381669044495
1.91048002243042
-1.268926739692688
0.005685394164174795
1.0632411241531372
0.8347166180610657
0.4207616150379181
-0.394176721572876
-16.169124603271484
-1.7998489141464233
-5166.71240234375
-0.9733017086982727
-750.1168823242188
-0.005995255894958973
1.6141493320465088
-1.4835231304168701
1.5423294305801392
1.1717418432235718
0.9596987962722778
1.0577268600463867
-1.382228136062622
1.9887717962265015
-1.8455265760421753
1.3524513244628906
-0.2942960262298584
0.7634590864181519
0.7171391844749451
1.9218946695327759
0.7811054587364197
0.33610036969184875
-0.8398175239562988
-1.20155930519104
1.4795507192611694
0.31813856959342957
1.9094464778900146
-1.5699048042297363
-7.577134609222412
0.656369686126709
-6293565.5
0.6257430911064148
1.4952725172042847
0.3967168927192688
1.054551362991333
1.632162094116211
-1.9015427827835083
-0.002477305708453059
-0.7150602340698242
-1.5778347253799438
0.7828130722045898
1.0745152235031128
0.21875013411045074
1.1970018148422241
0.8592551946640015
-0.4912722408771515
-1.4642720222473145
0.2727794647216797
-1.8204331398010254
1.7215185165405273
-0.6140741109848022
-0.11386705935001373
-2.5566213130950928
-1.7107813358306885
0.9908527135848999
1.3501771688461304
-0.9497369527816772
-1.3451277017593384
0.7290806174278259
1.4197967052459717
-1.51447594165802
0.904480516910553
-0.16954268515110016
-1.817542314529419
-0.2815643846988678
1.271281123161316
-0.9812510013580322
-0.4351293742656708
-0.7523391246795654
-1.0400487184524536
-1.4324582815170288
-0.45911893248558044
0.19607509672641754
1.5375007390975952
1.794928789138794
0.7190406322479248
1.7731071710586548
-0.629602313041687
-1.5516326427459717
-0.7467801570892334
0.39010271430015564
-1.5133044719696045
0.9037182331085205
-1.8048464059829712
1.0486024618148804
-1.7743852138519287
-1.9980021715164185
0.2225513905286789
1.8920458555221558
-0.2211989164352417
1.8676270246505737
1.27024245262146
-0.48359110951423645
-0.17683599889278412
