1.545511245727539
1.9669826030731201
-1.949195384979248
0.7446386814117432
1.1906118392944336
1.639094352722168
-0.3075599670410156
1.204289197921753
-1.0818889141082764
0.28905388712882996
-1.0976979732513428
1.0153619050979614
0.18541525304317474
-0.5105332136154175
-1.9070700407028198
-0.4133566617965698
-1.172438621520996
-1.2184706926345825
-0.7013959288597107
0.875328004360199
-0.7449424862861633
-0.9423856735229492
0.15274900197982788
-1.3326025009155273
-1.7383848428726196
-1.779197335243225
1.009743094444275
1.2800250053405762
1.1615114212036133
0.8460049629211426
1.1976913213729858
1.0383424758911133
-0.22350382804870605
1.8736244440078735
-1.7171591520309448
1.036444902420044
-0.417317658662796
-0.1477995216846466
0.5164859890937805
0.3010816276073456
0.11847054958343506
-1.712567925453186
1.2217992544174194
-0.2933662533760071
0.45690056681632996
-1.7993358373641968
1.697020173072815
-1.0157604217529297
1.87581205368042
-1.9782205820083618
-1.5143065452575684
-1.871254801750183
1.3159693479537964
-0.16833247244358063
1.699476957321167
0.7048198580741882
0.14842383563518524
0.8256139755249023
-1.3891456127166748
-1.52066969871521
-0.7168397307395935
-1.1457736492156982
1.6601043939590454
-1.5824066400527954
-1.4060595035552979
0.2919265627861023
1.4563781023025513
1.5016611814498901
1.6755343675613403
1.777465581893921
-1.7745177745819092
1.1196961402893066
0.43783482909202576
0.15040741860866547
0.5614017844200134
1.625231385231018
-1.1206779479980469
-1.044998288154602
0.8950251340866089
0.23692797124385834
0.23465166985988617
0.2625601887702942
-1.2280327081680298
1.111403465270996
0.2585829794406891
-1.4591270685195923
-1.5219242572784424
-1.9702483415603638
-0.27018728852272034
-1.717953085899353
1.7110270261764526
0.07215846329927444
-1.324703335762024
1.141667127609253
-0.24328596889972687
1.5241259336471558
-0.08983875811100006
-0.7795641422271729
0.7439695000648499
1.7944512367248535
-1.7205747365951538
-1.1547331809997559
-1.8964630365371704
0.9995519518852234
-0.22176378965377808
-1.1230039596557617
0.9348497986793518
0.10085797309875488
-0.20147281885147095
-0.16645675897598267
-1.9867945909500122
-1.6810965538024902
0.12371771782636642
0.5927467346191406
0.281322717666626
0.01845771074295044
0.23893660306930542
1.1433734893798828
1.620384931564331
-0.6874513030052185
-1.0977709293365479
0.079892598092556
-0.8129329085350037
0.4679417908191681
0.8148139119148254
-0.1731901317834854
1.7480806112289429
-1.819502830505371
0.9976008534431458
0.5257613062858582
0.058763738721609116
1.035577654838562
-0.776526689529419
1.2548400163650513
1.2733601331710815
1.6866381168365479
-1.8906718492507935
-0.9312350749969482
-1.1175357103347778
-0.6945064067840576
-1.227041244506836
-0.6484906077384949
0.7261813282966614
-1.0569576025009155
0.8572510480880737
-1.3908246755599976
1.5316225290298462
1.1472437381744385
1.379553198814392
1.5496406555175781
-1.6128979921340942
0.66767817735672
-0.4795413613319397
0.24420036375522614
0.2810719311237335
-1.0037792921066284
-0.45820778608322144
0.35035839676856995
-0.6259400844573975
1.1547634601593018
-0.004733478184789419
-1.5571142435073853
0.400535523891449
-1.1200354099273682
0.16121484339237213
0.1331431269645691
0.4500604569911957
1.9067426919937134
0.8773167133331299
1.72617506980896
0.6057150959968567
0.46754562854766846
-0.7484545111656189
-0.6072839498519897
0.5521761775016785
0.5522725582122803
1.7410368919372559
-1.113997220993042
-0.010473011061549187
1.1910881996154785
-0.49368470907211304
1.7726287841796875
-1.8146440982818604
-1.859896183013916
-0.1645641326904297
-1.6468181610107422
0.42540937662124634
0.2661294639110565
1.853507399559021
-1.819650411605835
-1.391413927078247
-1.7494583129882812
1.4861695766448975
-0.7242096662521362
1.4126564264297485
-1.763169765472412
1.2300313711166382
0.5467368364334106
-0.3421453833580017
1.6091691255569458
-0.3771723806858063
1.4490913152694702
-1.9809365272521973
-0.6032798886299133
1.425672173500061
1.44147789478302
-0.39235010743141174
0.6961296796798706
-0.810802698135376
-1.9078843593597412
-0.22598950564861298
0.1597847044467926
-0.4567601680755615
1.5418751239776611
-0.15437614917755127
0.9693997502326965
-0.8841657638549805
1.644649624824524
0.7180095911026001
1.756290316581726
-0.334581196308136
0.1636776328086853
-0.45250922441482544
-0.3676929473876953
-1.2802826166152954
-0.3638475835323334
-0.9853940010070801
1.9573997259140015
-1.312975287437439
1.4610061645507812
-1.9216965436935425
-1.4476268291473389
0.31712400913238525
0.6720635294914246
0.7724483013153076
1.8072227239608765
-0.5401193499565125
-1.5555148124694824
0.6510964035987854
1.6797327995300293
1.5249648094177246
-1.2926889657974243
1.2226091623306274
0.6222670078277588
1.8195908069610596
1.7664129734039307
1.506050944328308
1.8705517053604126
1.5760031938552856
0.610737681388855
-1.936440110206604
1.9984208345413208
0.3988293409347534
-1.0631932020187378
-1.9578429460525513
0.5460206866264343
0.6883920431137085
0.9561971426010132
1.6163530349731445
-1.1968141794204712
1.8513394594192505
-1.876023769378662
-0.520992636680603
0.786536693572998
-1.6562484502792358
1.604216456413269
-0.61215740442276
-1.3356778621673584
0.37381431460380554
1.791822910308838
0.5783628821372986
-1.6970921754837036
0.11904004961252213
0.3296891748905182
-0.5949652194976807
0.6419510245323181
-1.4226046800613403
0.7582116723060608
0.47708532214164734
0.34973832964897156
0.4084751605987549
-592475200.0
-1.524701476097107
-0.7936922907829285
1.2122094631195068
1.264550805091858
-0.2509801685810089
-1.293400526046753
1.6491020917892456
1.608915090560913
-0.7996931672096252
-0.3483617603778839
-0.8750077486038208
0.5286802053451538
1.3058574199676514
-0.12301085144281387
-1.381267786026001
1.4748023748397827
0.5404320359230042
-1.018487811088562
-0.6783551573753357
-0.32887962460517883
0.2929720878601074
-0.9602068662643433
0.32206854224205017
0.362860769033432
-1.760015845298767
1.7584341764450073
1.7130604982376099
1.9386271238327026
1.6826837062835693
-0.7827632427215576
-1.78315269947052
-0.9489995837211609
-0.4470345377922058
-1.5282553434371948
-1.1372871398925781
-1.0485810041427612
1.957602858543396
1.5621997117996216
-0.7512797117233276
0.6008779406547546
1.8224068880081177
-0.27416956424713135
0.5825598835945129
1.3661587238311768
0.9754974842071533
0.38513919711112976
-0.18701379001140594
0.9408061504364014
1.1994848251342773
-1.1072558164596558
-0.7649158835411072
0.5796607732772827
0.3059067726135254
1.5706286430358887
0.309690922498703
-0.4816966652870178
0.940606951713562
1.7661147117614746
-1.0123705863952637
-0.11421732604503632
-0.3651792109012604
1.5544601678848267
-1.7017443180084229
-1.1862608194351196
0.6988084316253662
-1.569538950920105
1.6834951639175415
1.5893927812576294
1.801646113395691
-1.506935954093933
1.6450510025024414
-0.008563494309782982
1.2899607419967651
-1.0344992876052856
1.257137417793274
0.36621731519699097
-1.6431735754013062
-0.05006551742553711
0.46591320633888245
-0.20770005881786346
-1.5782667398452759
0.18508578836917877
1.1583079099655151
1.8378719091415405
0.6728035807609558
-1.0261926651000977
0.1751708984375
0.09968657046556473
-1.9277406930923462
0.9429417848587036
-1.7486828565597534
1.7303264141082764
0.5891990661621094
-1.7090842723846436
-0.2240038812160492
-0.20644529163837433
-1.793908715248108
0.1832384467124939
0.044237129390239716
0.042969755828380585
1.356751561164856
1.2295935153961182
-0.05568849295377731
-1.6636375188827515
-0.8889473080635071
0.1732712835073471
0.9102174639701843
1.1480729579925537
-0.25802990794181824
-0.6591501235961914
-0.7379160523414612
-0.9700714349746704
-0.6068212985992432
-1.522585153579712
1.1815454959869385
-1.5893150568008423
-1.7729398012161255
0.6624821424484253
-1.7166513204574585
1.6177388429641724
-0.21534426510334015
-0.3151174485683441
1.3227121829986572
1.666885495185852
-0.2486293464899063
-0.4273093342781067
1.6239460706710815
-0.6781136989593506
1.1653127670288086
1.3466089963912964
-1.774581789970398
1.566391944885254
1.2000898122787476
0.7016812562942505
-1.1273528337478638
0.16073018312454224
0.2986273467540741
0.007739658001810312
-1.3514271974563599
-1.4785422086715698
0.28940632939338684
1.0501388311386108
1.7457852363586426
1.7106906175613403
1.4171483516693115
-1.037015438079834
-0.8139181137084961
0.35394421219825745
-1.6034173965454102
-1.7735466957092285
1.860787034034729
-1.8187109231948853
-0.6990447640419006
-1.5124375820159912
-0.5605362057685852
1.544265627861023
0.17107175290584564
1.7229061126708984
0.16223588585853577
1.6973602771759033
-1.7454173564910889
1.543703317642212
-0.17092624306678772
0.4730052947998047
0.8922979235649109
1.7933989763259888
0.30576375126838684
-0.9891194105148315
0.00032992655178532004
0.7411608695983887
1.6717756986618042
-0.8457071185112
1.941004991531372
-1.2304362058639526
1.2987258434295654
-1.0029157400131226
0.054612115025520325
0.9804689288139343
-1.4232558012008667
-0.4792845845222473
0.16618818044662476
-1.5450439453125
0.12955282628536224
0.20612530410289764
1.5666394233703613
0.33823055028915405
1.8976904153823853
-0.30439478158950806
-0.7214985489845276
0.9464737176895142
0.15542814135551453
-0.6285422444343567
1.214357614517212
-0.9313421845436096
-1.5648001432418823
-1.5349539518356323
0.5136328935623169
1.8697893619537354
0.6149507761001587
-0.6969649791717529
1.5515708923339844
-0.4473619759082794
1.2071069478988647
-0.17957966029644012
-0.37449321150779724
0.45918095111846924
0.08736561983823776
-0.4788835942745209
-0.11965576559305191
-1.2811834812164307
1.786986231803894
0.012291750870645046
0.7815817594528198
-1.6779842376708984
1.333135962486267
-1.1884745359420776
1.8370193243026733
-0.6742362380027771
0.3584981858730316
1.2176610231399536
1.6225823163986206
0.722479522228241
1.2317297458648682
0.2653425335884094
-1.7517935037612915
-1.7483381032943726
1.7847263813018799
-0.9086259007453918
-0.20907315611839294
-1.4630544185638428
-0.5249832272529602
-0.2623230516910553
-1.4952452182769775
1.1786437034606934
0.7711495757102966
1.147177815437317
0.9487596750259399
-1.8797703981399536
1.2194020748138428
-1.7892756462097168
1.2854479551315308
0.09700371325016022
-0.12484361976385117
0.9383742213249207
0.04055554047226906
1.9595369100570679
-1.5311800241470337
1.7693688869476318
1.469836950302124
1.3107918500900269
-0.8280389308929443
1.3361233472824097
1.4441320896148682
-1.7932289838790894
-1.346258521080017
-0.7622156739234924
-0.3880908191204071
-201704.96875
0.8945683836936951
-1.1484019756317139
1.6767078638076782
0.5466298460960388
1.7718923091888428
0.7323695421218872
1.443178653717041
1.2266818284988403
-1.473418116569519
1.8795613050460815
-0.08533719182014465
1.7179479598999023
0.4193965494632721
0.922531247138977
0.1970542073249817
1.7424672842025757
0.19163422286510468
-1.766955852508545
-1.7322639226913452
1.2200649976730347
1.1860607862472534
-1.2639411687850952
1.7971957921981812
1.7362689971923828
1.7995015382766724
-0.3338165581226349
-0.004307449329644442
0.1589578092098236
-1.4245059490203857
0.7357026934623718
0.766523003578186
-1.3714858293533325
1.0745893716812134
0.30854302644729614
1.2979341745376587
1.4593634605407715
-1.7804384231567383
0.06639306992292404
0.111008420586586
1.491271734237671
0.5121163129806519
-0.1517706960439682
1.291896939277649
1.24566650390625
-0.4131819009780884
-0.9632065296173096
-1.3951631784439087
-1.092444896697998
1.1173348426818848
1.71684992313385
-0.48224177956581116
-0.9472506642341614
-1.100720763206482
-0.5754192471504211
1.0693271160125732
-0.36885109543800354
0.028153743594884872
-1.8926403522491455
1.6767659187316895
-1.0171340703964233
-0.8039300441741943
-1.083979845046997
1.3428727388381958
1.8779178857803345
0.7585350871086121
-0.10330158472061157
0.47546038031578064
-1.8644330501556396
1.2097535133361816
0.8519808650016785
-0.9159597754478455
-1.2048914432525635
-1.2363951206207275
1.3385958671569824
-1.9056105613708496
1.6136993169784546
1.843990683555603
1.830299735069275
1.098677635192871
-9229.1953125
1.132829189300537
-1.093121886253357
0.8396504521369934
1.3351773023605347
0.6447258591651917
-1.9872610569000244
-1.844135046005249
1.0470447540283203
0.67717444896698
-1.1268755197525024
1.1046663522720337
0.741848886013031
-0.998883068561554
-0.99994295835495
-0.3615359961986542
-1.4365767240524292
-1.4610586166381836
-0.3383863568305969
-1.5206074714660645
0.5042330026626587
1.0103728771209717
0.8605521321296692
1.4111484289169312
-1.7569515705108643
0.3044287860393524
1.5034986734390259
1.0433485507965088
1.3353935480117798
1.8527271747589111
-1.2681338787078857
0.4931337535381317
1.5202478170394897
0.7462989091873169
1.2992674112319946
-0.658699631690979
-1.8251173496246338
-0.8856117129325867
-0.8455126881599426
0.7378597855567932
0.23994717001914978
1.1044970750808716
-1.3174567222595215
-1.7050734758377075
-0.39455199241638184
-0.7075901031494141
-1.6044864654541016
1.2659200429916382
-1.8495020866394043
1.035042405128479
0.6837480068206787
0.5072017312049866
0.282267689704895
1.8494876623153687
-0.6713276505470276
0.7106236219406128
0.2771916091442108
0.8147702217102051
-1.0760458707809448
1.254273533821106
-1.4918516874313354
1.5229015350341797
-0.9281612038612366
-1.3500463962554932
-1.8078670501708984
-1.001080870628357
0.20421269536018372
0.764702320098877
-0.9258634448051453
-0.9732750058174133
-1.89537513256073
-0.9070984125137329
-1.4249671697616577
1.6728087663650513
1.9503827095031738
0.18489526212215424
-0.7497740387916565
1.4848262071609497
1.669770359992981
-1.5012320280075073
-0.0812472552061081
0.15708467364311218
-1.852616548538208
0.8034197688102722
-0.17494353652000427
-1.9071545600891113
-0.08599109947681427
1.0258160829544067
0.06749965250492096
-0.5030931830406189
-1.6459102630615234
1.879356026649475
1.3938554525375366
-0.6215940117835999
1.7795840501785278
-0.3551299273967743
-0.677210807800293
-1.040441632270813
-1.0734217166900635
0.4783930480480194
1.9255344867706299
1.2988436222076416
0.3452593982219696
0.5048739314079285
-0.0033893242944031954
-0.3539769947528839
1.0207656621932983
-0.9765496253967285
0.3735506534576416
0.7124680280685425
-0.771637499332428
1.7584291696548462
0.5285919904708862
-1.4273332357406616
-0.6961647868156433
-0.5638809204101562
0.5194615721702576
1.2494525909423828
1.815575361251831
0.3078722357749939
1.6621648073196411
1.9268790483474731
-0.5127584934234619
-1.9689682722091675
0.9368172287940979
-0.3513300120830536
0.2956857681274414
1.4950778484344482
-1.853782057762146
1.0716803073883057
0.9149320721626282
-0.5948230028152466
0.18658466637134552
1.2030795812606812
0.15634720027446747
0.91864013671875
1.7806918621063232
1.1491870880126953
-1.7821743488311768
1.4982105493545532
-0.22144050896167755
-0.11352060735225677
1.653439998626709
0.7578186392784119
-0.14515839517116547
0.45093587040901184
1.423937439918518
0.26186564564704895
-1.7264021635055542
1.4123259782791138
-1.9854384660720825
1.646798014640808
0.2662070691585541
-1.875272512435913
0.9316102862358093
-1.8251030445098877
0.7992398738861084
-0.33559146523475647
-1.3332152366638184
-0.3910996615886688
0.4988459050655365
-1.3565400838851929
1.4761803150177002
0.5798630714416504
0.11953168362379074
0.03458387032151222
-1.4269518852233887
1.416229248046875
-1.1688826084136963
-0.8262307047843933
-1.3032023906707764
1.597015380859375
0.9438436627388
-1.6180696487426758
-0.04996096342802048
-0.12776410579681396
-0.358663409948349
-0.18325017392635345
1.3894727230072021
1.8569309711456299
0.6645082235336304
-0.055172692984342575
-0.3154192566871643
-0.8026754260063171
0.0028467692900449038
-1.5887565612792969
-1.1825355291366577
1.9391874074935913
-1.2869205474853516
-1.3192687034606934
0.729783296585083
1.1520438194274902
-1.1250696182250977
-0.03287080302834511
-1.0879547595977783
0.34414058923721313
-1.0078730583190918
-1.0624046325683594
0.376919686794281
-1.4603278636932373
0.19572609663009644
-1.5354536771774292
-1.8158446550369263
0.03193480521440506
-0.406910240650177
1.2825456857681274
-1.1533929109573364
0.39118167757987976
0.8432801961898804
0.5459684729576111
-0.6037807464599609
-0.3184278607368469
-1.7186816930770874
0.416512131690979
0.9485728144645691
-0.8690939545631409
1.1305853128433228
1.4286062717437744
-0.8428127765655518
0.08508341759443283
1.5894765853881836
-0.9963475465774536
0.19562798738479614
-0.776749312877655
-1.9186357259750366
-1.1082195043563843
-1.002608299255371
0.1237676739692688
1.023971438407898
-1.7622419595718384
0.945608913898468
0.6753300428390503
-1.1771177053451538
1.3064498901367188
-0.8559872508049011
1.9538631439208984
-0.22597990930080414
-0.5444313883781433
-0.9667807817459106
0.7805377840995789
0.8358502388000488
-1.0141464471817017
1.6182764768600464
1.794032335281372
-1.3284897804260254
1.1590044498443604
0.9185744524002075
1.621051549911499
0.28282007575035095
1.3402042388916016
-1.0753390789031982
-1.039711594581604
1.2972731590270996
0.7362534999847412
-0.36778074502944946
1.4604501724243164
1.7552659511566162
-1.89456045627594
-0.8117916584014893
-0.6510313749313354
1.334912657737732
-1.1914160251617432
0.9294737577438354
1.9886611700057983
-0.5899562239646912
-0.7271832227706909
-0.6789261102676392
-0.2427361160516739
1.0093694925308228
-0.5376563668251038
1.5547895431518555
-0.5879074931144714
1.6687471866607666
0.9747714996337891
-1.5755761861801147
-1.0253010988235474
1.7928557395935059
-0.4750463664531708
0.45350050926208496
-1.8112956285476685
-0.517645537853241
-0.404823899269104
-1.5907377004623413
-1.8589526414871216
0.2600637674331665
1.872229814529419
1.3768316507339478
-1.181056261062622
27888578.0
-1.4770623445510864
0.34161698818206787
0.15165366232395172
0.8956617116928101
-0.07777417451143265
-1.4849414825439453
1.519765853881836
0.6272891759872437
-1.5999386310577393
1.9668210744857788
1.9066075086593628
-0.8976206183433533
0.12128156423568726
-0.04808187112212181
0.8756614923477173
0.938374936580658
-1.933785319328308
-0.13684076070785522
-0.8414632081985474
1.6469907760620117
-1.6429799795150757
1.7159031629562378
0.003423864021897316
1.663996696472168
-1.8140066862106323
-0.2538878619670868
-0.7635019421577454
1.4531317949295044
1.8905584812164307
-1.5217571258544922
0.4313029646873474
-0.45355749130249023
-1.1312639713287354
-0.29745447635650635
-0.15447770059108734
-0.050039924681186676
1.1020671129226685
0.8888474702835083
0.7372220754623413
-0.5526527762413025
-0.9885395765304565
-1.5225753784179688
1.916015863418579
1.9181904792785645
0.6714305281639099
-0.5628081560134888
0.8533274531364441
2113695.0
1.076127290725708
-0.00023917855287436396
-1.9703813791275024
0.9860233664512634
1.454321265220642
0.7433192729949951
-1.9037069082260132
0.05429636314511299
1.7219767570495605
1.393676996231079
0.047676991671323776
1.785205602645874
-1.3289225101470947
1.890199899673462
1.6115798950195312
-1.4897288084030151
1.259575366973877
-1.0241554975509644
0.2283681333065033
-1.4156092405319214
0.10210230946540833
0.5444936752319336
-1.4110099077224731
-0.5377131104469299
1.3333491086959839
-1.2552735805511475
0.18276551365852356
0.29200461506843567
1.9579732418060303
1.607027292251587
-0.9733309745788574
-0.5552729964256287
0.6938803195953369
1.406653881072998
1.9822036027908325
1.1219074726104736
-1.3642951250076294
-0.022237654775381088
1.4832077026367188
1.8061498403549194
0.7135172486305237
0.3800957500934601
-0.4159739911556244
-1.0610090494155884
-1.073892593383789
1.9096736907958984
-0.20805010199546814
-1.2668726444244385
-1.528761863708496
1.3260715007781982
-0.42815542221069336
-1.537305474281311
1.5374939441680908
-1.3953951597213745
0.9915367364883423
0.9992571473121643
1.371243953704834
0.1403963267803192
0.20953302085399628
-0.3342055678367615
0.04885152727365494
-1.7480878829956055
-0.2962695360183716
1.5379585027694702
1.851210117340088
0.07772892713546753
1.698857307434082
0.24559256434440613
0.2089553028345108
-1.105945348739624
-1.5216079950332642
1.4604028463363647
0.30437445640563965
1.579042911529541
-0.9067726731300354
0.23836205899715424
1.0674177408218384
0.2027098536491394
-0.9084700345993042
1.6768912076950073
1.1837576627731323
1.3206089735031128
0.535838782787323
0.12314314395189285
-1.153569221496582
0.21972870826721191
1.4256036281585693
0.860115110874176
-0.15669403970241547
-0.3270995318889618
0.17226198315620422
-0.8966654539108276
0.21015536785125732
0.6928142309188843
0.9372491240501404
1.9476081132888794
1.6059209108352661
0.9824930429458618
-1.3874847888946533
-1.5199828147888184
1.43905770778656
-1.2936043739318848
1.107751488685608
-1.751768946647644
-1.7212315797805786
1.9826734066009521
-1.4206143617630005
0.23700059950351715
0.2893561124801636
-1.0657960176467896
-0.4667968451976776
0.14578263461589813
0.6432233452796936
0.31307023763656616
0.9938196539878845
0.7978010773658752
0.6234065294265747
1.4862861633300781
1.379605770111084
-0.8610717058181763
-0.24094802141189575
0.796451985836029
0.7054362297058105
-0.5389105677604675
-0.15328438580036163
-1.1331740617752075
1.7929517030715942
0.5434860587120056
-1.6106981039047241
-1.1069263219833374
-1.9227200746536255
0.8922224640846252
0.35339587926864624
0.41180986166000366
1.4408268928527832
0.6238628625869751
0.8599604368209839
0.99250328540802
0.12831972539424896
-0.24165721237659454
-1.7055305242538452
-0.6172744631767273
-1.7167012691497803
-0.026261281222105026
-1.1651438474655151
0.16470867395401
-0.43662261962890625
-0.5396844744682312
-0.8754005432128906
0.9253432750701904
-1.309716820716858
-1.066406011581421
-0.3123072385787964
1.1157662868499756
0.9878698587417603
0.32174503803253174
0.40708404779434204
-0.4175738990306854
-0.4980233907699585
-1.618383765220642
-0.3406614065170288
1.2412009239196777
0.01717432402074337
-1.637139081954956
-0.6534045934677124
-1.1502070426940918
1.6292541027069092
-1.216874122619629
-0.3889853060245514
-1.2332959175109863
0.9414844512939453
-0.8311799764633179
-1.1833000183105469
-1.54425847530365
0.41514188051223755
-1.4430640935897827
-1.2401618957519531
1.0780256986618042
-0.7625021934509277
1.0245246887207031
1.407396912574768
1.2149664163589478
-0.562785804271698
-0.25672218203544617
0.3630741536617279
-0.21716636419296265
-1.185616135597229
0.28197455406188965
0.6331352591514587
2241.677001953125
0.21437320113182068
-0.8411665558815002
0.16158196330070496
0.9423710107803345
-1.5472626686096191
0.2215377390384674
0.5882394313812256
0.11891050636768341
1.3182727098464966
1.8952974081039429
-0.9370576739311218
1.7308346033096313
-0.543366014957428
-1.9408012628555298
-0.2785341143608093
-1.6794631481170654
0.3692031800746918
7084.86962890625
1.3887859582901
1.069543719291687
-1.3418818712234497
0.5880172848701477
1.906307578086853
-1.4748214483261108
1.7016544342041016
0.9927634000778198
-1.531484842300415
-1.0926271677017212
-1.3780524730682373
-0.9532771110534668
-1.0164411067962646
0.4963805377483368
0.9819693565368652
-1.021622896194458
-1.0196738243103027
1.0479165315628052
1.7089697122573853
-1.5115569829940796
0.5695230960845947
-0.48518332839012146
0.8870550394058228
0.6465168595314026
1.5635343790054321
0.3851031959056854
0.12483314424753189
1.6570072174072266
1.342787504196167
0.4066012501716614
1.412718415260315
0.9256599545478821
0.2996244430541992
-0.05528079345822334
-0.21435385942459106
-0.8726645112037659
0.7438616752624512
-1.3132305145263672
-1.4097286462783813
0.5090444087982178
-1.138366460800171
-1.488523244857788
0.01036862563341856
-1.743760347366333
0.9538299441337585
0.31038227677345276
-1.649850845336914
-1.0560435056686401
-0.8504877686500549
-1.0963232517242432
0.4365854263305664
-0.3307594358921051
1.2907626628875732
-0.35968658328056335
-1.0035039186477661
550.7103881835938
0.061079978942871094
-1.0395528078079224
0.3266751766204834
0.15704776346683502
1.0055983066558838
0.22002820670604706
-1.9337437152862549
0.41113585233688354
1.9986977577209473
-1.5671429634094238
0.13909713923931122
0.9788534045219421
-1.7933481931686401
-0.61105877161026
1.312253713607788
0.2590302526950836
-0.9382957816123962
-1.5961476564407349
1.5792362689971924
-1.9748387336730957
-1.9108206033706665
0.40821918845176697
-0.1783963143825531
0.46406397223472595
-1.1477631330490112
1.8763269186019897
1.4835070371627808
1.6636481285095215
0.9923997521400452
0.6948962807655334
0.898219645023346
0.71517413854599
-1.0264321565628052
1.0940027236938477
-0.5954264402389526
-1.7118229866027832
0.7458310127258301
-1.777384877204895
-0.35745447874069214
1.2340419292449951
-1.6900184154510498
0.2842567563056946
-0.03254624456167221
0.8260535597801208
-1.2129745483398438
-0.27623918652534485
1.5390686988830566
-0.793819010257721
0.9594641923904419
0.663729190826416
1.6869471073150635
1.6673614978790283
0.4324076771736145
1.6087613105773926
-1.4352729320526123
-1.8335546255111694
-0.9491487145423889
-0.19473740458488464
-0.04999241232872009
1.3427085876464844
0.8867611289024353
-0.1284671127796173
-0.5083137154579163
1.5413724184036255
1.7352961301803589
0.8247498273849487
1.531638741493225
1.3213108777999878
-0.25118130445480347
1.1132631301879883
1.7790629863739014
-0.41945335268974304
1.6055864095687866
1.7390748262405396
0.19302093982696533
1.1399425268173218
1.9624606370925903
-2036583.75
-1.6326216459274292
1.0170108079910278
1.7424507141113281
-1.0168731212615967
1.6322919130325317
-1.0164624452590942
1.099168300628662
0.13656486570835114
-0.872280478477478
0.950298011302948
0.3662426471710205
1.352054476737976
0.3244023323059082
-1.9420076608657837
-1.205333948135376
1.2490116357803345
-0.8159614205360413
-0.14979739487171173
-0.25939133763313293
-0.012641522102057934
0.4094838500022888
0.27012866735458374
0.9521669745445251
-0.02930247038602829
0.22517353296279907
1.0252141952514648
1.7433801889419556
0.20728442072868347
-0.46519237756729126
1.0530996322631836
-0.9677952527999878
1.876621961593628
-0.6943728923797607
0.8136056661605835
1.1791430711746216
0.41334274411201477
-0.3356796205043793
-0.6803107857704163
-0.2830841839313507
-0.28615885972976685
-1.6486706733703613
1.2735276222229004
1.3757691383361816
0.9761631488800049
-0.20099787414073944
-0.47819066047668457
-1.3491164445877075
-0.8843852877616882
0.34771162271499634
-0.7633666396141052
1.4445579051971436
0.8334614634513855
0.9258732199668884
1.927350640296936
0.33921992778778076
1.671176552772522
-0.3497508764266968
0.8642649054527283
1.501873254776001
-0.08836156129837036
0.06986080855131149
-1.0685752630233765
1.5589145421981812
0.35014596581459045
-1.9039417505264282
-0.9967170357704163
-1.00118887424469
-0.49335524439811707
1.8854103088378906
0.6136757135391235
-0.8180660009384155
-1.5479673147201538
1.2642943859100342
-1.826158881187439
-1.6436413526535034
1.1321914196014404
1.3065736293792725
-0.46446242928504944
0.478954941034317
-0.34293603897094727
-0.8115090727806091
0.47065722942352295
-1.1738477945327759
1.0678027868270874
0.49338939785957336
1.141419768333435
-0.4803633689880371
0.8772763609886169
-0.8755416870117188
-1.1033021211624146
-1.092391848564148
-1.7520323991775513
-0.20333528518676758
1.8626785278320312
-0.7537879943847656
-0.2981213927268982
-0.9953547716140747
1.387319803237915
-0.7163851857185364
-0.9629077315330505
1.9094603061676025
1.0013071298599243
1.4360023736953735
1.2099486589431763
0.7650876641273499
-0.379379540681839
1.8851789236068726
0.9345431327819824
1.6534442901611328
0.7756950855255127
1.0749783515930176
1.6417683362960815
-1.757952094078064
1.1336109638214111
-1.100509524345398
1.3283624649047852
-0.47021371126174927
-0.07004515081644058
-1.8859570026397705
-0.8718039989471436
-1.7851566076278687
-1.1795240640640259
-0.4692099988460541
-1.9291141033172607
0.39689895510673523
0.02095743827521801
1.800765872001648
0.9291290640830994
-0.10080241411924362
-1.549123764038086
-0.3792048394680023
-0.3592570424079895
-0.18069228529930115
-1.5932127237319946
0.6198440790176392
0.9022973775863647
1.2172518968582153
-1.636489987373352
-0.5488991141319275
1.3271160125732422
0.6234056353569031
-1.5171397924423218
1.470454454421997
1.7868176698684692
-1.6788357496261597
-0.6880067586898804
1.2645139694213867
1.2114795446395874
-0.47002002596855164
-1.1574833393096924
-0.8722468614578247
0.08026022464036942
-0.6828979253768921
-1.621469259262085
-0.09469888359308243
-0.6055774092674255
-1.6423851251602173
-1.0251410007476807
-1.971028208732605
-1.5074377059936523
-1.8506242036819458
0.1932663470506668
-1.225008249282837
0.23119454085826874
-1.462237000465393
-0.2727805972099304
0.8230332136154175
-0.5485142469406128
1.50380277633667
-1.5493638515472412
-0.27045077085494995
0.24865300953388214
1.7567908763885498
-1.3615193367004395
0.631378710269928
0.13108518719673157
-1.0976237058639526
0.6073498129844666
1.5334810018539429
-1.7074990272521973
0.7089129686355591
-0.6532446146011353
0.826568603515625
2089.073486328125
0.23414427042007446
-0.3142818212509155
-0.5582793951034546
0.8079274892807007
0.6608757972717285
0.4278140366077423
1.4447405338287354
-0.42367228865623474
-0.9242854118347168
-0.48845943808555603
1.8241016864776611
0.561835527420044
-0.9528552889823914
1.6456395387649536
0.05968194454908371
-1.4041846990585327
-0.8060523867607117
0.7250769138336182
1.5994484424591064
0.5104940533638
-1.3646055459976196
0.7744880318641663
1.2611865997314453
-0.4021506905555725
0.3677758574485779
1.4242463111877441
-0.20050598680973053
0.01923380047082901
1.2545396089553833
0.6064613461494446
-1.6207185983657837
0.8678059577941895
-0.007899202406406403
0.5829287767410278
1.1049530506134033
-1.925490140914917
-1.8972355127334595
1.3612836599349976
0.6451766490936279
0.8884308934211731
-0.8883352875709534
0.7595506906509399
0.3934043347835541
-1.0609867572784424
1.4941461086273193
-0.342633455991745
-1.732451319694519
0.4867148697376251
-1.3360751867294312
1.5804378986358643
-0.5262222290039062
1.1785345077514648
-1.9380650520324707
1.4824029207229614
-1.1451058387756348
-1.3671667575836182
-1.646431803703308
-1.9922065734863281
-0.990058183670044
-0.3223313093185425
0.8349058032035828
1.7073372602462769
0.6997234225273132
1.3468786478042603
-0.8648267984390259
1.5882647037506104
0.44993892312049866
0.3026081621646881
-1.714206337928772
-0.42763078212738037
-0.5785511136054993
0.7844027876853943
-0.7054028511047363
1.8307666778564453
1.2059246301651
168177.515625
1.3471407890319824
778312.1875
-0.07823586463928223
-0.3272286057472229
0.6261306405067444
1.3943644762039185
-1.818879246711731
0.7043773531913757
-0.28470897674560547
-1.4160473346710205
1.6648728847503662
-0.3702610731124878
-0.7915115356445312
-1.8083873987197876
1.838549256324768
0.4809231162071228
-1.338168978691101
0.7116708755493164
1.768821358680725
0.0009307456784881651
0.6225637197494507
1.4631518125534058
1.0656780004501343
1.293723702430725
-1.9212064743041992
-0.5893869996070862
1.98506760597229
1.4964087009429932
-1.8916105031967163
-1.8297513723373413
0.36948344111442566
-0.6886732578277588
-0.6161072254180908
-1.4853847026824951
0.8257998824119568
-0.45414772629737854
-0.4924006760120392
0.4163268208503723
0.8639927506446838
1.621497631072998
-1.7504868507385254
0.7453680634498596
-1.5088765621185303
0.5925283432006836
0.7492404580116272
1.3156477212905884
-0.18489304184913635
0.22981546819210052
-1.5745359659194946
-1.1059914827346802
1.0705935955047607
1.8739032745361328
-0.5675713419914246
1.7694023847579956
-0.1685265302658081
0.5241231918334961
-0.9984604120254517
0.46161869168281555
0.6012546420097351
1.2887009382247925
-0.5605478882789612
1.9976078271865845
-0.17044873535633087
-0.10286135226488113
-1.7602307796478271
1.8834995031356812
1.3521167039871216
-1.6352276802062988
-1.671345829963684
-1.7634592056274414
-0.5776724815368652
1.7663706541061401
0.8847787976264954
1.2792989015579224
-1.295088768005371
-0.1068015992641449
-1.644720196723938
0.29499077796936035
0.8919482827186584
-1.8388333320617676
0.3654351532459259
-1.8308840990066528
0.6904448866844177
0.5400562286376953
1.1155786514282227
-1.7447969913482666
1.4800440073013306
-0.19531884789466858
-1.3365252017974854
-1.699549674987793
-1.026492953300476
0.8162382245063782
1.1821810007095337
-1.2331886291503906
-1.6700953245162964
-1.93596613407135
0.9588183164596558
1.65640389919281
-1.696067214012146
-0.4093806743621826
0.20689259469509125
0.9253507256507874
0.8071164488792419
-1.637737512588501
-1.9980405569076538
-0.38511922955513
0.49017059803009033
0.3126324713230133
1.2566721439361572
-0.010901957750320435
1.3783308267593384
1.657962679862976
1.868578553199768
-1.163516640663147
1.3718810081481934
1.736979603767395
0.3510480225086212
0.04531547427177429
0.6243996024131775
1.2692617177963257
0.48785656690597534
1.1619646549224854
-0.6759268641471863
1.6712249517440796
-0.8912336230278015
1.82762610912323
0.7860763669013977
1.8521602153778076
-0.9795479774475098
1.5292341709136963
-1.756700873374939
-1.1310315132141113
-1.490742564201355
1.6663310527801514
-0.7668640613555908
-0.28136733174324036
1.6029994487762451
-0.06986421346664429
1.39936363697052
-0.2997604310512543
1.367625117301941
1.2282748222351074
-1.2781188488006592
1.7005510330200195
1.914875864982605
1.4636062383651733
-1.100051760673523
-0.47474220395088196
-1.8739807605743408
-1.3804574012756348
1.4084465503692627
0.8309115767478943
-0.4060308337211609
1.2667242288589478
-0.8163606524467468
0.007474999409168959
0.15406827628612518
0.4888024926185608
0.10331510752439499
-0.44387248158454895
-0.4666930139064789
-1.7031362056732178
-1.5936543941497803
0.7158489227294922
-0.6682307124137878
-1.4717477560043335
-0.8622205257415771
1.4014488458633423
-1.9515408277511597
-1.2348663806915283
0.46904268860816956
0.8501483201980591
-0.3805234134197235
-0.21418918669223785
1.4725583791732788
0.7250174283981323
-0.10460475087165833
1.8536465167999268
1.521498680114746
0.031154721975326538
1.5659682750701904
0.8884538412094116
0.5708538889884949
-0.8981099128723145
-1.673718810081482
0.19582611322402954
0.3815903961658478
-0.37141183018684387
1.0614304542541504
-0.24367694556713104
-0.45516717433929443
1.6396127939224243
0.26331329345703125
0.5216193199157715
0.020454000681638718
0.5459558367729187
-0.9474229216575623
0.25242185592651367
-0.21887663006782532
-1.4211944341659546
0.33436837792396545
0.08095373213291168
1.1027144193649292
-1.3024040460586548
0.7255265116691589
-1.8492916822433472
0.7587146759033203
0.1508520394563675
-0.6272991895675659
-1.0420565605163574
0.3949984014034271
-1.7496064901351929
-1.8159667253494263
-1.1610169410705566
0.12201742082834244
-1.8376703262329102
-1.0555341243743896
-0.7996051907539368
0.7231870293617249
0.8106014132499695
-1.5791871547698975
-1.328672170639038
-1.0336787700653076
-1.186148762702942
-0.5217282176017761
-1.5789674520492554
0.9837999939918518
-1.4107693433761597
1.024013638496399
1.1319867372512817
0.7367013096809387
-0.19551001489162445
-1.4943569898605347
-0.6743456125259399
-1.4414658546447754
-1.3016817569732666
-0.3598966598510742
1.6296236515045166
-0.04558537155389786
-1.8952398300170898
1.6051634550094604
1.0133333206176758
-1.4988723993301392
-1.3632488250732422
0.32881054282188416
0.9782677888870239
1.9937715530395508
0.9177526831626892
1.9965296983718872
1.8936532735824585
0.46749135851860046
-1.7648550271987915
-0.6561421751976013
-0.28714999556541443
0.4690623879432678
1.0808665752410889
-1.6102877855300903
1.5103769302368164
-0.6037816405296326
0.19267098605632782
1.2629860639572144
1.5909565687179565
-0.93207186460495
1.2757055759429932
-0.8141959309577942
-0.7987318634986877
1.5635571479797363
-0.8082667589187622
-1.4788267612457275
-0.41368991136550903
-1.6719967126846313
-0.41165125370025635
-0.697286069393158
0.1314830332994461
-1.5158250331878662
1.5574047565460205
1.5775443315505981
-1.8093236684799194
1.026529312133789
-0.21891827881336212
-0.8149996399879456
-0.5654647946357727
-1.9925724267959595
-0.4587657153606415
-0.7247074842453003
-0.5500504374504089
-0.4509067237377167
0.5274111032485962
-1.1814149618148804
-1.2331101894378662
1.4259287118911743
1.1102442741394043
-0.26676124334335327
0.5264239311218262
0.9402415156364441
1.4527976512908936
0.7296714782714844
-1.633418083190918
-0.05541881546378136
-1.0347956418991089
-0.7479811310768127
1.0024608373641968
1.8452399969100952
-0.7854341268539429
-0.6233963966369629
0.7355457544326782
1.8418372869491577
-1.72479248046875
0.4350224733352661
-0.07957322895526886
-0.4997221827507019
-1.3536121845245361
-0.1735544204711914
63.4655647277832
-0.9037224650382996
-1.8318557739257812
-0.3711332380771637
-1.7969436645507812
1.4246647357940674
0.03622248396277428
0.6942974925041199
-0.04371308535337448
0.7940882444381714
1.236926555633545
1.05963933467865
1.4027860164642334
-1.080216884613037
1.5773533582687378
1.0231627225875854
0.28302937746047974
0.8612301349639893
-0.8909854888916016
-0.5132824182510376
733395.6875
-0.8627499341964722
-1.6209237575531006
0.8661726713180542
-0.5354136824607849
-0.8931732177734375
411537440.0
-1.8204102516174316
0.4698932468891144
1.3246119022369385
-1.458506464958191
-1.777579426765442
0.5458738803863525
1.2441307306289673
1.7894072532653809
-0.20134247839450836
0.8171063661575317
0.2347351461648941
-0.9215503334999084
-1.063788890838623
1.307720422744751
0.3281351625919342
1.8313395977020264
-1.2027325630187988
-1.0312309265136719
0.6865565180778503
-1.8273773193359375
1.3798260688781738
-1.9623370170593262
1.689197301864624
1.6222445964813232
0.6087955236434937
1.2816568613052368
0.9808176159858704
-0.4026288092136383
0.8632360696792603
1.4645590782165527
1.3251676559448242
-0.46725279092788696
0.5784160494804382
-1.6617627143859863
-0.9806770086288452
1.4932409524917603
1.144235372543335
1.5450186729431152
1.872042179107666
-1.9546477794647217
1.3482359647750854
1.03789484500885
-1.7912148237228394
-1.8496211767196655
-0.41494694352149963
-1.062743902206421
-0.43353283405303955
-1.719839096069336
1.808558464050293
3630467328.0
1.2519937753677368
0.06900688260793686
-1.9252312183380127
1.498040795326233
-1.4102566242218018
-0.042289137840270996
-0.36536234617233276
-0.9416829347610474
-1.4409353733062744
-0.5580833554267883
-1.185539722442627
1.244405746459961
-0.642090380191803
-1.3414475917816162
-0.7860684394836426
0.02413114346563816
1.3126168251037598
1.4647350311279297
-0.07330286502838135
1.6103541851043701
1.204918384552002
0.7797567248344421
0.40064409375190735
-0.33005210757255554
-1.3529441356658936
-1.9109872579574585
-1.5486774444580078
1.5681344270706177
-1.0436456203460693
1.5081441402435303
-0.8813257813453674
-0.4063376486301422
1.7956353425979614
0.403165727853775
-0.6994136571884155
-0.13859589397907257
-1.3017351627349854
-0.14628316462039948
1.4757676124572754
-0.645779013633728
-0.2969491481781006
-0.1772758960723877
1.6676232814788818
-0.2660049498081207
1.609318733215332
1.6296359300613403
1.7051562070846558
0.5930538177490234
-0.6499428153038025
-1.447860598564148
-0.9641789793968201
0.07115160673856735
0.5961111783981323
-0.03923734650015831
-0.6964375376701355
-0.41160959005355835
-1.1200611591339111
0.37096381187438965
1.6425435543060303
0.4142233729362488
-1.5610569715499878
-1.2277830839157104
-1.5032727718353271
1.0832574367523193
0.587859034538269
-1.5853593349456787
-0.257074773311615
-1.2271559238433838
1.7356913089752197
1.930133581161499
-1.4870495796203613
-0.4616706371307373
-0.3290639817714691
-0.5206896662712097
0.9068210124969482
-0.9290673732757568
-1.062160611152649
0.16392284631729126
0.983747661113739
1.7455555200576782
-0.6116539835929871
-1.8299084901809692
-0.5757296085357666
-1.0399253368377686
0.3888285160064697
-0.13336540758609772
-1.2740339040756226
0.026028713211417198
-1.402945876121521
-1.0815733671188354
1.0678688287734985
-0.9673506617546082
1.996046781539917
-1.1480765342712402
-1.9924447536468506
1.3546063899993896
0.019697995856404305
-1.5973747968673706
1.7152220010757446
0.696495532989502
1.7633742094039917
0.5140869617462158
1.5561517477035522
-0.7501596212387085
0.3148052394390106
-1.6950373649597168
1.4444160461425781
-0.5279561281204224
-1.8084800243377686
0.3526168167591095
1.8314282894134521
-1.638303279876709
1.0788136720657349
-1.832291841506958
-1.7716058492660522
0.6334699988365173
0.3882336914539337
1.5143150091171265
-1.573608160018921
-1.4774253368377686
-1.4661409854888916
1.9980337619781494
-1.9115222692489624
1.856411337852478
1.545193076133728
-0.0610714927315712
0.2208973467350006
-0.0898984894156456
1.7011661529541016
0.9943610429763794
0.7800275683403015
-1.7111845016479492
1.7122905254364014
0.2816154956817627
1.1525717973709106
-0.6855703592300415
1.7444109916687012
1.544449806213379
-1.1317685842514038
1.0199142694473267
-0.9705688953399658
1.434486985206604
0.6792989373207092
-0.4923761188983917
-0.1162809506058693
0.3810350298881531
0.5101956129074097
1.1531128883361816
0.9564299583435059
-1.29446280002594
-1.5199236869812012
1.3493425846099854
-0.1295408308506012
-0.9809593558311462
-0.4707026481628418
0.9665335416793823
-0.5373485088348389
1.147216796875
-0.452118456363678
-1.2711516618728638
1.0183165073394775
1.584291934967041
-0.9967906475067139
-1.3049870729446411
-1.0451178550720215
1.2118110656738281
1.31513512134552
-1.0865322351455688
-0.6442690491676331
1.8552587032318115
-0.9216631054878235
0.6741129159927368
0.03713007643818855
-1.9059420824050903
-0.5619819760322571
-1.4601863622665405
-0.37700802087783813
1.0835033655166626
-1.9947752952575684
-19088570.0
1.1429100036621094
1.2239630222320557
0.37125444412231445
-0.4670862853527069
-1.7755075693130493
1.7575106620788574
-0.6817883253097534
1.2313042879104614
0.5245765447616577
-1.4404892921447754
0.34831422567367554
1.2775886058807373
-1.0485721826553345
-1.9392086267471313
-0.5148909091949463
-1.1370660066604614
-0.2225044071674347
-1.5440046787261963
-1.1645463705062866
-1.8128342628479004
1.5508846044540405
-1.8531352281570435
-0.14110758900642395
-0.5889962911605835
-1.940382719039917
1.8901641368865967
-1.3123459815979004
-1.693137288093567
-1.2445220947265625
-1.919323205947876
-0.9387457370758057
-0.6615917682647705
0.37292739748954773
0.37691444158554077
1.6155524253845215
0.25054213404655457
-1.3953109979629517
-1.7331181764602661
-1.2674622535705566
0.5970050096511841
1.2702453136444092
-1.817842721939087
1.861295461654663
-1.1328102350234985
1.7261196374893188
0.16076211631298065
0.8529349565505981
-0.8903184533119202
-0.8201100826263428
0.36572521924972534
-1.2538986206054688
1.4752882719039917
-0.6192123293876648
-0.6655382513999939
-1.6443207263946533
-1.0289058685302734
-1.9563140869140625
-1.7919989824295044
0.30395615100860596
-0.6439126133918762
-1.2339016199111938
-0.5928589701652527
-1.083940863609314
-0.9499159455299377
-0.9809752106666565
0.5818985104560852
-0.20910775661468506
-0.4167814254760742
-0.3203788697719574
0.4386889338493347
1.05861496925354
-0.852048397064209
-0.4673037528991699
1.551241159439087
0.1743982881307602
-0.4542102813720703
-1.1481596231460571
1.9023759365081787
1.6817268133163452
0.9183914065361023
1.9010465145111084
-0.740574836730957
0.9912300109863281
-0.8464697599411011
-1.266147255897522
-1.421341896057129
-1.870570182800293
-0.5441352725028992
1.609373927116394
-1.2810313701629639
-0.5236034393310547
1.7582229375839233
0.9257369041442871
-1.6836775541305542
1.9268498420715332
-0.9737266302108765
0.3171418309211731
-1.5093318223953247
-1.293186068534851
-1.4688165187835693
-0.14627498388290405
1.8538097143173218
0.2810719311237335
1.653926134109497
0.7085593938827515
0.3865516781806946
1.4296293258666992
-0.8274934887886047
0.6434410810470581
-0.6805184483528137
0.845659613609314
-1.060995101928711
1.780428171157837
0.11693290621042252
-0.5529651641845703
1.978853464126587
-0.5614897012710571
-1.9710845947265625
1.8212448358535767
-0.5633847117424011
-0.2487451583147049
1.6824793815612793
-1.9741108417510986
0.0778474435210228
-1.7806497812271118
-0.22509220242500305
1.2739397287368774
1.9238965511322021
1.86990225315094
1.8252366781234741
-1.4117827415466309
-84696.171875
-0.4810270667076111
-1.5278056859970093
-1.1597471237182617
0.40595197677612305
1.8010953664779663
-1.7998974323272705
1.0484670400619507
1.3286534547805786
0.632946252822876
-0.031320370733737946
-0.20396246016025543
1.4435499906539917
0.3581378757953644
1.9825934171676636
-1.3834612369537354
-0.46725764870643616
-0.33052313327789307
0.26810750365257263
0.5326158404350281
0.8787181377410889
1.530401587486267
-0.6042749881744385
-1.267281413078308
-1.2361807823181152
0.8809549808502197
1.2285466194152832
-1.8136115074157715
0.5163573026657104
1.3999028205871582
-0.05492882430553436
-0.4977421462535858
0.3386925756931305
-0.5036323666572571
0.2343340367078781
1.4795726537704468
-0.5512843132019043
0.3060590326786041
0.8959092497825623
-1.8360381126403809
0.2634846866130829
0.8301510810852051
1.4946712255477905
1.2239712476730347
-1.923507809638977
-1.3863290548324585
-0.14162728190422058
1.6416739225387573
0.6662584543228149
1.0459784269332886
-1.3370469808578491
-1.301406979560852
-855835.5625
-0.9665728211402893
1.5939828157424927
0.31828317046165466
1.6422423124313354
-1.7143988609313965
0.43022653460502625
1.9404475688934326
0.3629908263683319
-0.006125296000391245
-0.0631905272603035
-1.7272356748580933
-0.8916003704071045
1.1457074880599976
0.9689461588859558
1.8064647912979126
1.5645455121994019
-1.1516412496566772
-1.1114264726638794
0.737250030040741
-0.9101455807685852
0.8999781012535095
-0.9667913317680359
1.8796433210372925
-1.101876974105835
0.1709764152765274
0.8707825541496277
-0.25807470083236694
1.2241406440734863
1.1060457229614258
1.8665220737457275
-1.1927964687347412
1.595706820487976
-1.7879234552383423
-0.9686411023139954
0.24913069605827332
0.4665381908416748
-1.3269286155700684
1.8946318626403809
-1.3058065176010132
-1.721299171447754
-1.9719669818878174
-0.7641461491584778
-0.21754904091358185
1.6688380241394043
-1.2370480298995972
0.04595867171883583
-1.4583687782287598
-0.45165491104125977
-1.339680552482605
-0.49326029419898987
-0.17115169763565063
0.7720513939857483
-0.05482180789113045
-0.8407590389251709
1.6404770612716675
-1.4395133256912231
1.8003886938095093
-0.12298153340816498
-0.50426185131073
1.5462950468063354
1.702955722808838
-1.2175582647323608
1.1295716762542725
1.7617617845535278
0.3286285102367401
1.4163779020309448
0.7705816030502319
0.5316329598426819
-1.1335376501083374
1.1049613952636719
1.2563632726669312
0.6245647072792053
1.4713672399520874
1.7692534923553467
0.24183672666549683
1.9061675071716309
-0.8285973072052002
-0.6141790151596069
0.8623254895210266
-1.6296379566192627
-0.33716684579849243
0.6269879341125488
0.047390807420015335
1.7418162822723389
1.0052472352981567
1.8386027812957764
-1.4389277696609497
0.5207849144935608
-1.722246527671814
-0.05240427702665329
-1.1920161247253418
-1.0256743431091309
0.7383118867874146
1.4513368606567383
0.17060048878192902
0.009157577529549599
0.18627937138080597
0.7127598524093628
0.31564608216285706
-1.9711028337478638
0.49799585342407227
-0.8153302073478699
1.1538774967193604
-0.009349714033305645
0.9896519184112549
-0.5670796632766724
0.1827416568994522
-1.0982531309127808
-0.7806606292724609
1.2899430990219116
1.7405413389205933
0.28050699830055237
-1.9104663133621216
1.5533956289291382
-0.7694292664527893
1.9234100580215454
-0.33561745285987854
0.7676100730895996
-0.9302359223365784
-0.252424418926239
1.7518442869186401
-1.3651751279830933
-1.4916801452636719
-1.8892467021942139
-1.6352826356887817
0.6321732997894287
1.550359845161438
-1.5373669862747192
1.9993889331817627
-1.879732370376587
1.492101788520813
1.786563754081726
-1.9715368747711182
1.2738268375396729
1.3840346336364746
-0.8571490049362183
0.5459761023521423
1.5658506155014038
1.7449520826339722
-1.4056408405303955
0.03746654838323593
-1.816982388496399
1.2980537414550781
0.20057116448879242
-1.1915863752365112
1.6158053874969482
0.5337469577789307
-0.09031091630458832
-1.5305206775665283
-1.1178903579711914
0.47325998544692993
-1.8874272108078003
0.1638781577348709
-1.3913638591766357
-1.0593671798706055
-1.9273284673690796
1.972031831741333
-1.1822168827056885
1.7265121936798096
0.8788259029388428
0.29828429222106934
-0.7383484244346619
0.2883656620979309
1.6561616659164429
1.7365022897720337
1.27073335647583
1.3393381834030151
0.9524327516555786
-1.9661285877227783
-1.44526207447052
1.7109886407852173
-0.7176027894020081
0.18967649340629578
-1.150267481803894
0.04203646257519722
-0.8341138958930969
1.5712716579437256
-1.2182483673095703
-0.7733220458030701
0.7466621398925781
1.0860031843185425
-1.6556872129440308
-0.04953385144472122
0.8240001797676086
0.5590059161186218
-1.1670794486999512
0.9383360147476196
0.6514642238616943
0.12089759856462479
1.9427598714828491
1.981774091720581
0.1510031819343567
1.2956454753875732
-0.6721130609512329
-0.9700313210487366
0.6676273345947266
1.3749196529388428
0.7057295441627502
0.2520348131656647
-1.0647287368774414
-0.4712270200252533
1.879299521446228
-0.20087653398513794
1.7782096862792969
0.7109078764915466
-0.15265429019927979
-0.6807106137275696
1.1510370969772339
1.8259259462356567
-0.380494087934494
0.021870221942663193
-0.02718876488506794
-1.757286787033081
-0.8360440135002136
1.787173867225647
-1.8984251022338867
0.23576994240283966
1.3973406553268433
-1.2212222814559937
-1.0196781158447266
-1.6834840774536133
-0.11092226207256317
0.5330707430839539
-0.5870550870895386
-1.1017965078353882
-0.6527907252311707
1.0261824131011963
-0.034707505255937576
1.8305723667144775
0.7538957595825195
0.7637154459953308
-0.7529277801513672
1.9719775915145874
-0.9086849689483643
-1.8492485284805298
-1.7348476648330688
0.9011419415473938
0.3938804268836975
-0.6844750642776489
-0.4706871807575226
-0.02556283213198185
-1.3675063848495483
0.301725834608078
-0.15787287056446075
-0.5711549520492554
-1.32753586769104
-1.9519647359848022
1.2517595291137695
1.4334831237792969
-0.48323071002960205
-0.4393077790737152
-0.8864224553108215
1.4695637226104736
-1.3927125930786133
1.599233865737915
1.3161791563034058
-0.6864212155342102
1.331349492073059
-0.2289840281009674
1.8107750415802002
-1.7836989164352417
-0.7203691005706787
-1.8348774909973145
-0.24066145718097687
1.8739738464355469
0.9800255298614502
1.2694400548934937
-0.8759684562683105
-1.2955830097198486
-0.8596856594085693
0.14156486093997955
1.7903541326522827
-1.3864023685455322
-1.6537612676620483
-1.4538512229919434
-0.4947892427444458
0.20812013745307922
1.8526298999786377
-0.03288944810628891
1.4355403184890747
1.5950076580047607
-0.27216070890426636
0.5568968653678894
-0.9799840450286865
-0.7909041047096252
-0.17935936152935028
-1.1378717422485352
0.23317304253578186
-0.3092019557952881
-0.24877430498600006
1.7016979455947876
0.35072770714759827
-1.4635428190231323
-1.0128039121627808
-0.2771303951740265
-0.3387383818626404
-0.2507288455963135
-1.527691125869751
-1.2267411947250366
-0.6483961939811707
-0.3441809415817261
-1.5818240642547607
-0.8159077763557434
-1.2968422174453735
0.4336422085762024
1.5668402910232544
-1.5455520153045654
-0.16434626281261444
-0.45109885931015015
-0.9016122817993164
-1.21996009349823
1.314530849456787
1.599268913269043
-1.6460598707199097
0.9054023623466492
0.36266380548477173
1.8649399280548096
-1.413857340812683
1.9023306369781494
0.9598014950752258
1.2605409622192383
-1.9728916883468628
1.4557043313980103
0.2605786621570587
0.5126839280128479
1.0960921049118042
-0.8263887166976929
-1.517158031463623
0.005267563741654158
1.019256591796875
-1.017915964126587
-0.5818980932235718
0.2657229006290436
-1.9317190647125244
-1.553375244140625
-0.4665476381778717
0.11988019943237305
1.4118151664733887
0.21797442436218262
1.217359185218811
1.7198431491851807
-1.109014630317688
0.8376655578613281
1.308100700378418
-1.538405418395996
-1.1738260984420776
-0.5142043232917786
0.5395781993865967
-0.2662784159183502
0.5748924016952515
-1.1167758703231812
-0.2953301966190338
-0.4909462630748749
-0.8058615326881409
0.8976201415061951
0.305221825838089
1.701931118965149
-0.7884739637374878
-1.9664931297302246
-0.5101736783981323
0.4306562840938568
-0.31036046147346497
0.881118893623352
0.7804520130157471
-1.8331348896026611
-1.375754714012146
-0.27605918049812317
-0.9249556660652161
1.5198020935058594
-0.23760013282299042
-1.259868860244751
0.5192341208457947
-0.48566561937332153
0.1076284646987915
-1.8569647073745728
-1.146691083908081
-0.5617314577102661
-1.6272257566452026
-1.417220950126648
-0.26346099376678467
-0.5312625765800476
0.49753034114837646
-0.5211514234542847
-0.4559687376022339
-1.0002881288528442
0.44054797291755676
0.7861770987510681
1.7139689922332764
0.5547769665718079
0.4702746570110321
0.4679701030254364
-0.4309443235397339
-1.8887394666671753
-1.7792279720306396
0.7064061760902405
1.2482300996780396
0.6452310085296631
-0.6718325614929199
0.23666252195835114
-1.2890446186065674
-0.34645360708236694
-1.5723876953125
-1.0030003786087036
-0.0017005967674776912
1.0665884017944336
-0.8187888860702515
-1.7529906034469604
-1.4673985242843628
-1.2906899452209473
-1.0573519468307495
-0.15318931639194489
1.524577021598816
-0.3695257902145386
-1.9607181549072266
-0.7966259121894836
0.5206333994865417
-1.052824854850769
-1.8215748071670532
-1.9346541166305542
-0.7437198162078857
1.126369833946228
1.7206768989562988
0.3272206783294678
-0.4583769142627716
0.8966355323791504
1.7317509651184082
1.2267340421676636
1.7900594472885132
1.8461010456085205
1.9333605766296387
1.3408249616622925
1.5023226737976074
0.42428794503211975
-1.4953199625015259
1.6732852458953857
-0.13790853321552277
-0.7875673174858093
-1.9877004623413086
-1.9697939157485962
1.5214807987213135
-0.6197590827941895
1.9875614643096924
-1.32390558719635
0.5456117987632751
-1.673341989517212
-1.751935362815857
-0.326264888048172
1.7766181230545044
-0.1217658668756485
-0.418437659740448
-0.5272071957588196
-1.8160756826400757
0.5819413065910339
-0.5180349349975586
0.49549317359924316
1.0429085493087769
1.3238434791564941
-0.614424467086792
1.6247508525848389
0.16105817258358002
0.3686656951904297
0.7379668951034546
0.48678699135780334
-1.3136378526687622
1.2158070802688599
-1.5839852094650269
1.6082316637039185
1.8609741926193237
-1.554969072341919
0.8051323890686035
-1.2814390659332275
-1.2544586658477783
0.2831929922103882
0.7954973578453064
-1.1226290464401245
1.855095386505127
-0.45921292901039124
1.4087753295898438
-1.5564088821411133
1.8965879678726196
0.8064048886299133
-1.7355070114135742
1.0646878480911255
1.419792652130127
1.8120839595794678
-0.5846067070960999
-0.8781071305274963
-0.2990173101425171
0.8444136381149292
0.09676706045866013
-0.27657535672187805
1.74541437625885
-1.887930989265442
0.9104943871498108
1.3052407503128052
-1.7528071403503418
0.13459573686122894
1.9436030387878418
1.6582931280136108
-1.5507798194885254
-1.7918013334274292
-1.8594728708267212
-1.3041605949401855
1.137800693511963
0.3720606863498688
-0.7763488292694092
0.598752498626709
0.35595035552978516
-1.3615732192993164
-0.860060453414917
-1.5061538219451904
-1.2494693994522095
-1.181761384010315
-0.8739766478538513
0.06274662166833878
1.8005682229995728
-0.7197938561439514
-155417.109375
1.7659132480621338
1.373063087463379
1.032810091972351
1.1632587909698486
0.767882764339447
-0.5736068487167358
-0.8428541421890259
-1.8552292585372925
0.8308221101760864
0.7846351265907288
0.19921213388442993
-0.6662033796310425
-0.6462115049362183
1.403538703918457
-1.8309887647628784
0.2752974033355713
-1.8216508626937866
0.2380984127521515
1.4081007242202759
-0.1254776418209076
-0.5658496022224426
-1.6557869911193848
0.06000800430774689
0.7899971008300781
-1.68071711063385
-1.1383610963821411
0.47180089354515076
-0.33622997999191284
-0.2668134868144989
1.9613600969314575
0.9493414163589478
0.8503936529159546
-1.5777686834335327
-1.0858300924301147
1.0726701021194458
-0.9823788404464722
0.20884385704994202
1.8612754344940186
-0.13304796814918518
0.5576665997505188
-1.4807884693145752
1.1822457313537598
1.2416017055511475
0.462209552526474
0.2642665505409241
-1.772347331047058
-1.943369746208191
-1.7991383075714111
-1.865930438041687
-0.9182208776473999
1.0979856252670288
-1.6152397394180298
0.8054166436195374
-1.142112135887146
0.2105344533920288
1.3723187446594238
-1.0436981916427612
-1.8890808820724487
-0.4843648672103882
0.569947361946106
-0.728003203868866
-0.7677241563796997
1.917482614517212
1.0975536108016968
-1.2160515785217285
-1.1259182691574097
-0.5805497765541077
1.8493666648864746
0.11521551012992859
-1.5790371894836426
-0.11270470917224884
-0.2915244996547699
0.5848904252052307
1.2223222255706787
1.5953197479248047
-0.26137280464172363
0.7349194288253784
1.0800182819366455
1.097729206085205
-25.203344345092773
-0.4235595762729645
-0.5339347124099731
-1.5151457786560059
1.417840838432312
-1.7364951372146606
0.9395588040351868
0.1954192966222763
-1.6339197158813477
0.1841878592967987
1.22372305393219
0.7948890328407288
1.4791268110275269
1.9814263582229614
1.3953379392623901
-1.7379519939422607
-0.34544622898101807
-0.9431549906730652
-0.29423320293426514
0.37451812624931335
-0.664883017539978
-1.4633738994598389
1.763144850730896
0.16188891232013702
-1.070250391960144
-0.5426738858222961
-0.044451672583818436
-0.9754907488822937
-301261856.0
-1.5160672664642334
0.30898043513298035
1.553140640258789
0.8998406529426575
0.0954473540186882
-1.209524393081665
-1.3259668350219727
0.11294980347156525
-1.4422194957733154
-1.2825448513031006
-0.9598685503005981
-1.4054895639419556
0.49742648005485535
1.2984564304351807
-1.7592570781707764
1.8520485162734985
-0.7463749647140503
0.5972718596458435
-0.6010093092918396
-1.726752758026123
0.3565477430820465
-1.6945453882217407
-1.8254492282867432
0.13667316734790802
1.434699535369873
1.709558367729187
-0.2636268734931946
0.16324326395988464
1.320420742034912
-0.8519868850708008
1.5000942945480347
0.6209548115730286
-1.3560320138931274
-0.67376309633255
1.1167718172073364
1.3685100078582764
1.6930493116378784
-0.46788373589515686
-0.9745119214057922
0.13911345601081848
-1.247706651687622
-0.21899060904979706
0.7679616808891296
1.9335217475891113
0.7982550859451294
-70.43250274658203
0.011824395507574081
-1.8221237659454346
0.26659318804740906
0.9731268882751465
-0.8528060913085938
1.5652114152908325
1.3091018199920654
1.5119293928146362
0.0010032051941379905
-0.33079442381858826
1.7737590074539185
0.45251718163490295
0.041337981820106506
0.5304907560348511
1.070723533630371
-0.027205031365156174
1.487625002861023
-1.3622002601623535
-1.84266197681427
-0.7087605595588684
1.320905089378357
-0.31874269247055054
0.20070277154445648
1.716180682182312
0.009066903032362461
-1.258624792098999
0.07391013950109482
-0.8946731090545654
-1.2813235521316528
-0.47608232498168945
1.3469781875610352
1.7738854885101318
1.8804184198379517
-1.4187747240066528
-1.6776342391967773
1.5541572570800781
-0.3566858768463135
-1.315610647201538
0.35844990611076355
1.9088962078094482
-1.1450124979019165
-0.798168957233429
1.2449702024459839
-0.2686128318309784
0.7515260577201843
-0.44736915826797485
0.5063028335571289
-1.244004249572754
1.4994792938232422
-1.1460821628570557
1.2050451040267944
-0.6847019195556641
0.3946560323238373
-0.6902885437011719
0.44519051909446716
-1.5478549003601074
0.9257601499557495
-0.8351595997810364
1.5343884229660034
1.702621340751648
1.1558048725128174
1.669061303138733
0.513874888420105
-1.6848695278167725
-1.8991774320602417
1.5280605554580688
0.4148904085159302
0.3595369756221771
0.8651958703994751
0.30901050567626953
1.493491291999817
-1.9922184944152832
1.441429853439331
-0.7534284591674805
-0.31132084131240845
1.6084100008010864
0.7883896231651306
-1.5506417751312256
-1.2177627086639404
-0.6828564405441284
0.6373035311698914
-0.30922192335128784
-1.1060116291046143
-1.6075072288513184
-0.5988321900367737
1.7793607711791992
-0.9569600820541382
1.1901088953018188
-0.6321877837181091
-1.706724762916565
-0.4793659448623657
0.7472483515739441
1.3808866739273071
1.067488670349121
1.9974631071090698
-0.7499777674674988
-1.298285961151123
1.3390947580337524
-0.7272770404815674
0.9059469699859619
-0.7136139273643494
0.21532247960567474
-0.04604475572705269
-1.0755398273468018
1.5030778646469116
0.030269749462604523
-0.444275438785553
-1.124574065208435
-1.7691482305526733
-1.1998542547225952
-1.5195627212524414
0.3664717376232147
1.7427493333816528
0.10723989456892014
0.16946780681610107
0.33900925517082214
1.7083221673965454
1.1075462102890015
1.3104424476623535
-0.7011725902557373
-1.9396647214889526
0.9500333666801453
-0.8493404984474182
-1.690801739692688
-0.1425783932209015
-0.47848671674728394
-0.09962379187345505
0.6351680159568787
-1.730109453201294
1.1464297771453857
-1.6792103052139282
-1.9797229766845703
-0.24498634040355682
-1.533191442489624
0.7461240887641907
-1.081587791442871
-1.5005488395690918
-0.5344346761703491
-1.7421101331710815
-1.1679083108901978
-1.8843142986297607
-0.732262372970581
-1.5962753295898438
1.4789687395095825
-0.9543074369430542
-0.1814909279346466
-1.0772910118103027
1.823934555053711
1.4197337627410889
-0.4672471284866333
1.0258694887161255
0.13103599846363068
1.7130630016326904
0.7942766547203064
1.9088516235351562
0.9394280314445496
-0.7468428015708923
1.259138822555542
-0.19345204532146454
-1.3860939741134644
-0.1543131321668625
-0.9494748711585999
-0.2791670262813568
0.8758717775344849
-0.4106007218360901
-1.888473391532898
-1.7963359355926514
-0.6737802624702454
-0.3196121156215668
-1.3256200551986694
-0.039309628307819366
1.5562721490859985
-0.6152370572090149
-0.6023274064064026
1.213587999343872
-0.8867790699005127
0.34092777967453003
1.512776255607605
-1.249228835105896
-0.4701204299926758
1.089928150177002
-1.794499397277832
0.5280336737632751
1.4494853019714355
0.13063029944896698
-0.3779136538505554
-0.8428351879119873
-1.911649465560913
-0.6206559538841248
-1.2881135940551758
0.434793084859848
0.2854081988334656
1.8646202087402344
-0.5513617992401123
1.1559596061706543
-1.5132386684417725
-0.27136433124542236
-0.855410099029541
1.8848583698272705
-0.6668521761894226
-0.12155966460704803
1.946852684020996
1.659797191619873
1.2195535898208618
-1.6431987285614014
-1.2572578191757202
-1.2882524728775024
-1.1568586826324463
0.25059106945991516
1.1976641416549683
0.6248177886009216
-0.23156169056892395
-1.0272963047027588
1.2298274040222168
-0.14692528545856476
0.504409670829773
1.2087115049362183
0.8477195501327515
-1.1479244232177734
-1.796813726425171
1.970888614654541
1.3583914041519165
-0.6577877998352051
0.4494195878505707
-1.0024831295013428
-0.1698642522096634
-1.7120295763015747
0.5434268116950989
1.7459993362426758
-0.9166601896286011
-1.9005628824234009
0.2119637131690979
-1.2444671392440796
1.275365948677063
0.8924174904823303
-0.8835338950157166
-1.850934624671936
0.5048876404762268
-0.6267619132995605
0.9904487133026123
0.7027189135551453
-0.8176935315132141
1.4301903247833252
0.2612995207309723
1.3702104091644287
1.8492971658706665
-0.26706576347351074
1.5272916555404663
-1.4581525325775146
-1.5331788063049316
-0.7475495338439941
-1.3183854818344116
-0.1396535336971283
0.17639122903347015
1.816939353942871
-1.477911114692688
-1.3564690351486206
1.0483427047729492
-0.24840281903743744
-0.14470025897026062
-1.3352359533309937
1.4944347143173218
1.094840168952942
1.3996968269348145
-0.5702105760574341
-0.7256934642791748
-0.6805868744850159
-1.631895899772644
-0.18856149911880493
0.9952521920204163
1.8075971603393555
1.40131413936615
-0.2424616515636444
0.9429340362548828
-1.4351872205734253
-1.5012526512145996
0.6736421585083008
-0.9056795239448547
-0.90419602394104
-1.1662009954452515
0.4554692804813385
-1.5482492446899414
1.4871881008148193
1.8996307849884033
-0.695526123046875
1.9985933303833008
-0.6355426907539368
-0.5297654867172241
1.40967857837677
1.121467113494873
-0.11018040031194687
-0.44056376814842224
-0.62498539686203
-0.14389123022556305
1.776125192642212
0.3991999626159668
-1.635013461112976
-0.4275411367416382
-0.04745921865105629
0.8212850689888
-1.9236286878585815
-1.4570809602737427
-0.9860831499099731
-1.5355769395828247
1.523242712020874
1.9175840616226196
-0.8620045185089111
1.7002567052841187
1.3885732889175415
1.5750601291656494
-1.1575405597686768
1.097059726715088
-0.03655176982283592
25.37090492248535
-0.4780151844024658
1.2031030654907227
1.0915380716323853
-0.8282747268676758
1.6696491241455078
1.2394533157348633
-0.6515336036682129
-1.2409359216690063
-1.5502564907073975
-1.1580474376678467
-0.6858038902282715
-1.2248836755752563
0.5676879286766052
-0.8259702920913696
-1.9303735494613647
-0.21040166914463043
1.2438629865646362
1.8830429315567017
-1.2030506134033203
1.3853023052215576
-0.13626331090927124
0.2916359305381775
-0.20796515047550201
1.0365900993347168
-1.6715967655181885
0.8304523229598999
-0.05807425081729889
-0.23410172760486603
-1.2737150192260742
-1.313191294670105
-1.1342353820800781
1.4953862428665161
-1.6881431341171265
-0.27164775133132935
1.694268822669983
-0.005737506318837404
-0.15269578993320465
-0.965957522392273
-0.8049432635307312
-0.9902974963188171
-1.1041009426116943
1.7519798278808594
0.25208839774131775
-0.8600268959999084
0.8993094563484192
-0.9075213670730591
1.871309757232666
-0.46218493580818176
-1.316654920578003
1.1995110511779785
1.6999971866607666
0.5202420353889465
-1.501013159751892
-1.6981751918792725
0.9526455998420715
1.1020236015319824
1.1190234422683716
-0.456315815448761
-1.617141604423523
1.4990150928497314
-1.045021653175354
0.09314990788698196
-0.39779216051101685
0.3653663992881775
-1.0277056694030762
1.8286572694778442
1.8244128227233887
1.112955927848816
1.0894697904586792
-1.3934450149536133
1.735905408859253
1.758551836013794
1.6680243015289307
0.8489254117012024
-1.28622567653656
-0.14534786343574524
0.6322428584098816
-0.17283551394939423
-0.2751310467720032
-0.5163228511810303
1.6703765392303467
0.4930657744407654
1.1997358798980713
0.8156440854072571
-0.3678055703639984
-0.8914322257041931
-1.9395805597305298
0.6093683242797852
-0.5389539003372192
-0.8599981665611267
-0.9519608020782471
