-1.8068516254425049
0.41063451766967773
0.6305193901062012
1.397089958190918
1.8922927379608154
0.7709407806396484
1.4916515350341797
0.45529842376708984
-0.045699119567871094
-1.622017741203308
0.46274808049201965
0.6050246357917786
-0.3242303431034088
1.1824417114257812
0.9640967845916748
-1.4565149545669556
-1.2595133781433105
-0.9655691981315613
-1.1436457633972168
1.0954407453536987
-1.9387034177780151
-1.8688325881958008
-1.8144220113754272
0.48503145575523376
-1.4815584421157837
0.8778191208839417
-0.32568997144699097
-0.49883657693862915
-1.8377933502197266
0.8999189138412476
0.5421838164329529
-0.3888358771800995
-0.4990478754043579
1.0278284549713135
-1.2352992296218872
0.2832690477371216
-0.7290123105049133
-0.5419750809669495
0.7786750197410583
-1.7571914196014404
-0.5415544509887695
0.32393932342529297
-1.9573187828063965
-0.18168005347251892
0.9762129187583923
1.6069782972335815
1.1600650548934937
-1.6952714920043945
-1.0018359422683716
1.0336406230926514
-1.8460774421691895
1.2106033563613892
1.3608719110488892
-0.3244129717350006
1.965205430984497
0.8656043410301208
-1.8260687589645386
-1.106297254562378
-1.2525334358215332
1.515740156173706
-1.838700294494629
0.6076308488845825
0.951028048992157
-0.09265723824501038
-1.3299047946929932
0.31384482979774475
1.5326489210128784
0.016258055344223976
1.839995265007019
-0.5806791186332703
1.2243268489837646
0.30672192573547363
-0.2584456503391266
1.5872141122817993
-0.6997667551040649
0.2569701671600342
0.6386104226112366
1.580143690109253
-1.7082253694534302
-1.5831522941589355
-1.7111966609954834
0.8869920372962952
-1.2843166589736938
-0.7080491185188293
1.7980843782424927
-1.1731525659561157
1.525712251663208
-1.7140146493911743
-0.9097766280174255
-0.8296816945075989
-0.1543799638748169
-1.162876844406128
1.3589119911193848
1.8339738845825195
0.6719870567321777
-1.0488067865371704
0.9008607268333435
1.2083364725112915
-0.12727905809879303
-0.001564318430610001
0.43498775362968445
1.774153470993042
-1.2682209014892578
410.84747314453125
0.7150729298591614
1.144690990447998
-0.06746990233659744
1.4216365814208984
-0.6477672457695007
-0.009379805065691471
0.07927606999874115
0.4276987910270691
-1.3402060270309448
0.8899930119514465
-0.8106586933135986
1.4246100187301636
-0.6516491174697876
0.7867480516433716
1.8606659173965454
1.3677172660827637
-0.4829501211643219
401.7243347167969
-1.8492369651794434
0.6723752021789551
-1.9792453050613403
-0.6935885548591614
-1.6601759195327759
-0.19321352243423462
-0.7298235297203064
-1.8061655759811401
1.0845468044281006
-0.5076984167098999
-0.6548606157302856
1.2452467679977417
-0.8827790021896362
0.09699343889951706
-1.3683210611343384
1.8756463527679443
1.632251262664795
1.6973786354064941
0.591724157333374
1.9174331426620483
1.7538553476333618
-0.9576060771942139
0.8910789489746094
0.8953478932380676
-1.7487998008728027
1.2713160514831543
0.057314470410346985
0.11095135658979416
-0.7532057166099548
1.8360488414764404
-1.3255869150161743
-1.9897147417068481
1.3392452001571655
-0.843374490737915
0.6440262198448181
-0.9446370005607605
0.7384512424468994
-1.6026302576065063
0.6887761950492859
1.1763641834259033
-0.11552694439888
1.3738473653793335
1.4493249654769897
0.6162071228027344
1.4605711698532104
0.525005042552948
-0.23204238712787628
-1.7378569841384888
-0.06764892488718033
1502.2100830078125
-0.8254501819610596
0.3479403853416443
-0.8470249772071838
1.5575400590896606
1.27884840965271
-1.4875056743621826
-0.993132472038269
-1.6870224475860596
0.5579510927200317
-1.4548625946044922
0.7498387694358826
-4257.92724609375
-0.5534479022026062
212.59829711914062
-0.01446993462741375
0.3612365424633026
-1.0564848184585571
1.2117959260940552
-0.9102734327316284
1.3100757598876953
1.2411346435546875
0.2813100516796112
1.179741382598877
1.0466946363449097
1.632755994796753
514.5786743164062
-0.03584865853190422
1.8493975400924683
1.8204795122146606
-1.6995302438735962
0.2573259770870209
-0.9416049122810364
1.6909743547439575
-1.3231213092803955
0.5378550887107849
-0.6636322140693665
1.475828766822815
-0.12730348110198975
-0.7809672951698303
0.6358610987663269
0.22646121680736542
0.406463086605072
0.8215424418449402
0.7491867542266846
0.5410832762718201
0.12678110599517822
1.2792795896530151
0.2252604365348816
-0.3306071162223816
-0.8797967433929443
-1.9709380865097046
1.5046894550323486
1.0292187929153442
1.8584599494934082
-0.5795583724975586
1.6056673526763916
0.4861595332622528
-0.4789140224456787
1.782118797302246
0.23718899488449097
-1.957353949546814
0.33402717113494873
-0.1516955941915512
1.4782068729400635
0.8486789464950562
0.4907805025577545
1.0226730108261108
-1.9985891580581665
-0.5420659184455872
1.3662160634994507
-1.2382289171218872
1.2886061668395996
-1.8422731161117554
0.7308306097984314
0.22049745917320251
-1.0011119842529297
-1.1753933429718018
70.25398254394531
0.41509369015693665
0.7403020858764648
-0.9428731799125671
-0.10617412626743317
0.22068041563034058
0.5673899054527283
1.2957979440689087
0.4221084415912628
-1.8628171682357788
15901.4755859375
-1.7008992433547974
1.0696710348129272
1.686234951019287
1.433569312095642
0.23693472146987915
-1.5238014459609985
-1.1823562383651733
1.108975887298584
1.3407028913497925
-0.28880369663238525
0.8803172707557678
1.4724479913711548
-0.608049213886261
-1.066969871520996
-0.941024899482727
1.5063594579696655
1.1556950807571411
1.232657790184021
-0.42392975091934204
1555.7928466796875
1.7417821884155273
1.0880177021026611
-1.4350662231445312
38.553977966308594
-1.5205315351486206
1.797815203666687
1.5902236700057983
-0.6636238098144531
-1.1405593156814575
0.14411306381225586
0.9428611397743225
1.9392980337142944
0.9686837196350098
-1.564726710319519
1.2177906036376953
-1.1957601308822632
0.08496806025505066
1.11100172996521
1.6567531824111938
-1.8362603187561035
1.5853948593139648
-1.302868366241455
0.7784972786903381
0.738704264163971
1.7886162996292114
0.8154084086418152
1.5201237201690674
0.2033301144838333
0.35638627409935
0.944688618183136
0.522838830947876
-0.9298837184906006
-1.0752888917922974
1.1973397731781006
-1.2095668315887451
1.4885246753692627
-1.8760870695114136
0.8759092688560486
0.28394976258277893
0.37009966373443604
-0.8939154148101807
-0.18564960360527039
0.20992018282413483
0.001160945976153016
-1.4474767446517944
0.025187283754348755
-1.5935769081115723
-0.4086776673793793
1.782286524772644
1.9088605642318726
-1.875771403312683
-1.1022893190383911
-1.018560528755188
0.8390200734138489
1.301708459854126
1.1294225454330444
1.1154961585998535
0.08404520899057388
-1.161994457244873
1.0063778162002563
1.4878790378570557
-0.12447924166917801
-1.3611807823181152
-1.3240247964859009
0.5504637956619263
1.6247235536575317
-0.03708997741341591
-1.9113963842391968
0.1796577423810959
0.30363038182258606
-0.37372538447380066
-0.5689117908477783
1.9360255002975464
-0.8756400942802429
1.5190943479537964
0.5684984922409058
0.2113010734319687
-0.10119092464447021
-0.46913471817970276
0.2953105866909027
0.011111496016383171
0.9006541967391968
-1.1131430864334106
-1.2781281471252441
-0.9022542834281921
-1.7819880247116089
-0.058503322303295135
-0.04452066123485565
-1.9594841003417969
1.4570949077606201
-1.901025652885437
-1.7301996946334839
1.4012774229049683
0.4421074092388153
0.5197353363037109
1.4907747507095337
1.7370456457138062
-0.14979909360408783
-1.4935311079025269
1.941201090812683
-1.4826018810272217
-1.6743851900100708
-1.2813260555267334
1.9669482707977295
0.561201274394989
0.7134370803833008
-0.012817487120628357
-1.5597667694091797
1.1326079368591309
-1.2680139541625977
0.27801549434661865
-1.8095588684082031
-1.4167612791061401
0.7664378881454468
-1.9365307092666626
1.4291527271270752
1.2349133491516113
1.7232810258865356
0.028527723625302315
-0.3389132022857666
-1.6111832857131958
-0.13333864510059357
-0.27417242527008057
-0.6926117539405823
-1.1395184993743896
-0.4224682152271271
-1.4251967668533325
-0.3725201487541199
1.242759346961975
1.4798628091812134
1.9486610889434814
0.01050304900854826
0.4743494391441345
2914.360107421875
1.9354238510131836
1558.395263671875
0.6216418743133545
-1.861748218536377
-0.04015273228287697
0.5216243863105774
-1.1653058528900146
-0.5392812490463257
-0.6560729742050171
0.7681614756584167
0.6570939421653748
0.47632673382759094
1.3376917839050293
-0.015160576440393925
-0.7758278846740723
-1.4230718612670898
-0.096912682056427
0.46438512206077576
1.8323849439620972
-0.6570528745651245
1.4984776973724365
-0.23193508386611938
1.7451924085617065
1.8836116790771484
-1.2163729667663574
-0.24311546981334686
0.47655436396598816
1.575774908065796
1.4274942874908447
0.9250988960266113
0.3534824550151825
0.08222882449626923
0.9484655261039734
1.892822265625
1.620502233505249
-1.0312950611114502
-0.8789942860603333
0.23234844207763672
1.1561626195907593
1.0935804843902588
0.32721155881881714
0.7767269611358643
-0.9738233685493469
1.5271167755126953
-1.559536337852478
1.5229365825653076
-0.25663450360298157
-1.7567824125289917
-0.4547668993473053
-0.26684266328811646
0.24299505352973938
4001.143798828125
0.7615288496017456
-1.3516343832015991
1.2615668773651123
-0.785835862159729
-0.0723152905702591
-1.9710664749145508
-1.1266556978225708
0.70334792137146
0.26836180686950684
0.16558179259300232
-1.8195006847381592
-1.1706520318984985
-1.7111319303512573
0.07113678753376007
1.3604100942611694
-1.0184112787246704
1.0914686918258667
0.6943275928497314
-0.6276348829269409
0.2742038667201996
-0.6210213303565979
-1.3847874402999878
1.9268743991851807
0.39224839210510254
1.995142936706543
29.195541381835938
-0.8237669467926025
-0.8656445145606995
-0.38861021399497986
1.9630727767944336
-0.2297641783952713
-1.585684061050415
-0.8817033767700195
0.7556778192520142
0.35211706161499023
0.3229663074016571
-1.5345782041549683
-1.46743905544281
1.5694259405136108
0.7635911703109741
-1.6747812032699585
-1.303851842880249
-1.1211775541305542
-1.3488022089004517
-0.093464694917202
0.4138249158859253
0.3826014995574951
-1.9509170055389404
0.7772839069366455
364529.03125
1.1501169204711914
98445.78125
0.9400631189346313
-0.4044906795024872
0.3952485918998718
-1.0081627368927002
-1.1327729225158691
-0.600610077381134
1.8290067911148071
1.8471308946609497
1.7845276594161987
1.8422737121582031
0.9023028612136841
0.7978481650352478
1.6144078969955444
0.2254955917596817
-0.3813667595386505
-0.49425798654556274
0.0685412660241127
-0.3373708724975586
-1.4694424867630005
-1.8824328184127808
-0.553749680519104
56.87270736694336
-1.1541669368743896
2705.029052734375
0.4187529385089874
1.5029809474945068
-0.6019113659858704
-1.2695437669754028
0.9926903247833252
0.46732285618782043
0.3434063494205475
-0.2824877202510834
0.6302385330200195
1.2134281396865845
1.9682775735855103
-1.105267882347107
0.45539426803588867
1.2183363437652588
-0.6823152899742126
-0.5848294496536255
-0.8554702401161194
0.5349022150039673
0.1569148600101471
-1.3534919023513794
-1.8743585348129272
-0.7472139000892639
1.983886957168579
1.1328543424606323
0.741989016532898
392.4488525390625
-0.7620519995689392
0.18330314755439758
-1.1655056476593018
1.537484884262085
-0.1786641627550125
1.3610548973083496
1.8339978456497192
1.7451096773147583
0.5631965398788452
0.2834702134132385
-1.4947593212127686
-1.110731840133667
-0.9159258604049683
-1.7314821481704712
-1.037515640258789
0.15141130983829498
-0.6082848906517029
-0.845273494720459
0.5175909996032715
0.240065336227417
0.8958323001861572
1.8558646440505981
-1.5723472833633423
1.5767654180526733
1.324662446975708
1.6993359327316284
0.39346548914909363
1.102820873260498
0.30597037076950073
-1.7675220966339111
-0.8243815302848816
1.841488003730774
1.7273180484771729
0.9661136865615845
-1.0071958303451538
1.7879817485809326
1.8096104860305786
-0.9894211888313293
-1.2679479122161865
0.3063599169254303
-0.020243197679519653
0.7686357498168945
0.8685104250907898
1.8792184591293335
-0.8488037586212158
0.7241698503494263
0.5223984122276306
-0.14044594764709473
-1.726588249206543
0.4594569206237793
1.2135926485061646
1.8656646013259888
-0.2664857804775238
-1.2815885543823242
-1.5986669063568115
1.315691590309143
1.2401467561721802
-1.9066555500030518
-1.4751032590866089
0.06954245269298553
-0.05429958179593086
1.422646164894104
-0.8341334462165833
1.4868340492248535
0.3856082856655121
-1.3249419927597046
-0.7472520470619202
-0.4743013083934784
-0.7244284749031067
1.1252540349960327
0.3042662441730499
-0.5973494648933411
-0.39707648754119873
-0.5170460939407349
-0.050068359822034836
1.9099723100662231
-1.4626412391662598
0.1505555510520935
0.58247309923172
1.089389443397522
1.6531859636306763
0.4141080379486084
-0.629824697971344
0.39269888401031494
-1.470941424369812
1.4197020530700684
0.9062280654907227
1.1431646347045898
1.8267593383789062
0.43905386328697205
-1.6018961668014526
0.7120597958564758
1.510918140411377
0.5746409296989441
1.7105107307434082
0.05349293351173401
1.102799892425537
0.19472071528434753
0.9953863024711609
1.4865164756774902
-0.3655734062194824
-0.5489763021469116
-0.6279447078704834
-1.9683078527450562
-0.838331401348114
0.22625882923603058
1.3486754894256592
0.38936731219291687
0.21094445884227753
-0.6620186567306519
-1.3138148784637451
0.5828062891960144
-0.5789145827293396
0.0236247256398201
1.8053319454193115
-1.858055830001831
-0.6347514986991882
-0.912369966506958
-1.6596180200576782
-1.3430794477462769
-0.24733209609985352
-1.3275047540664673
0.5895801782608032
-1.3302397727966309
0.9182673692703247
-1.479424238204956
1.603541374206543
-1.6380900144577026
-0.10144539922475815
1.4563814401626587
-1.891581416130066
0.290970116853714
0.7441335916519165
-0.24577726423740387
-0.4115647077560425
0.31575632095336914
1.3823970556259155
-1.4604872465133667
0.499364972114563
1.6060365438461304
1.843620777130127
-1.456133246421814
-0.6998553276062012
1.7674181461334229
-0.9745359420776367
1.846355676651001
0.8958342671394348
-1.3445545434951782
-0.8333092927932739
0.1328607201576233
-0.027234183624386787
-1.4583405256271362
-1.567242980003357
1.9142467975616455
-0.336086630821228
-1.0959174633026123
-0.1847495138645172
1.371922492980957
-1.0579546689987183
-0.18059991300106049
-1.5600109100341797
-0.11724363267421722
-1.9164170026779175
-1.9540431499481201
-1.4940918684005737
-0.7806221842765808
0.4697120487689972
-0.09734021872282028
-1.5594301223754883
1.7442395687103271
-0.5067896246910095
0.7952926158905029
-1.906394362449646
-0.8691596984863281
-0.19315600395202637
-0.1973940134048462
0.703155517578125
-0.697534441947937
1.9664251804351807
-0.8950979709625244
0.44113022089004517
1.1175934076309204
1.5275673866271973
0.12376498430967331
-0.7730278372764587
-0.8157582879066467
1.9327328205108643
-1.5711337327957153
-1.8659148216247559
-1.775333285331726
0.6278130412101746
1.1752361059188843
0.9667114615440369
1.555834174156189
1.5820845365524292
0.03760868310928345
1.845038890838623
1.7261937856674194
-0.2821398377418518
-0.5094001889228821
0.5142324566841125
1.1937651634216309
0.9615358114242554
-0.9136132001876831
1.6236746311187744
1.6259561777114868
1.510237455368042
0.8595677018165588
-0.8202142119407654
-0.15773220360279083
-1.5734138488769531
1.9611510038375854
1.512933611869812
-1.072982907295227
0.3826453387737274
-1.754363775253296
-0.6419355273246765
0.3609641492366791
1.4414094686508179
-0.8177196979522705
-0.48556336760520935
0.5175331234931946
-0.8686928749084473
-1.9829169511795044
-1.4473419189453125
-0.5702224969863892
-1.6711547374725342
0.7645587921142578
1.8582468032836914
1.4522186517715454
0.9185524582862854
0.38553231954574585
-0.9000800251960754
-1.4876922369003296
-1.120732307434082
1.698143482208252
-1.6228834390640259
-1.828566074371338
-1.364927053451538
-0.47807392477989197
-1.854188323020935
0.9750710129737854
-0.7458447813987732
0.44188547134399414
1.9362136125564575
-0.9093778133392334
-0.1592041701078415
-1.3134435415267944
1.6964267492294312
1.0862398147583008
1.488106369972229
-1.2686983346939087
-1.7766151428222656
-0.8638278841972351
-0.295724481344223
0.206843763589859
-0.12746533751487732
-0.7684298753738403
0.09732194244861603
1.493545651435852
-1.8353708982467651
-1.677032470703125
0.2421136200428009
-0.10853961110115051
-0.7060654163360596
0.8601490259170532
0.8048154711723328
1.9757030010223389
-1.3954989910125732
-0.2281329333782196
0.7043554186820984
-1.9254800081253052
1.2300621271133423
-0.6737721562385559
1.5438166856765747
0.8542255759239197
-1.991576910018921
-0.9179897904396057
1.979062557220459
-1.2259782552719116
-0.2111077904701233
-0.17210352420806885
0.5376202464103699
-0.02397865429520607
-1.9075127840042114
-0.19522443413734436
-0.2941526174545288
47.930198669433594
-1.9475739002227783
7865.0146484375
-1.5888780355453491
-1.748046636581421
1.9136762619018555
0.7004175782203674
-1.5864967107772827
1.458707332611084
0.15042024850845337
-1.2736049890518188
0.0033616956789046526
1.1565197706222534
-0.3921891450881958
-1.0075809955596924
-1.9637911319732666
-1.327295184135437
0.09532717615365982
-0.11402098089456558
0.12375088036060333
1465.8421630859375
0.15540876984596252
19.537620544433594
-1.852430820465088
0.3529893159866333
0.7704163193702698
-0.0921516939997673
-0.7100231647491455
-0.9798537492752075
1.1657965183258057
0.1390165388584137
1.1910902261734009
0.2747511565685272
-0.8500931262969971
-0.5152744650840759
-1.8203237056732178
-0.7772085070610046
1.7654013633728027
1.0245168209075928
1.3891873359680176
1.495750904083252
1.9422037601470947
-0.892557680606842
-0.2293435037136078
0.014272268861532211
-0.6159163117408752
0.4388677179813385
-0.0816425085067749
2180.2373046875
1.2567319869995117
-0.10413611680269241
1.3911935091018677
549.4146728515625
-1.5244178771972656
-0.5872254967689514
-1.0375360250473022
0.030839623883366585
-0.39067134261131287
0.32585516571998596
1.574681043624878
-1.4540332555770874
-0.25716590881347656
-1.4713400602340698
-1.3334505558013916
-0.45743873715400696
-0.1290782392024994
-1.740413784980774
-0.06113027036190033
-0.4530487358570099
-0.022715024650096893
1512.25830078125
-1.1095519065856934
2377.0556640625
1.7462613582611084
0.7628101706504822
-0.9418976306915283
8857.279296875
0.8064822554588318
0.8163355588912964
0.7122596502304077
-1.6005663871765137
0.9296486973762512
-0.7022641897201538
-1.3626304864883423
-1.9347741603851318
-1.1686456203460693
-1.7894165515899658
-0.7585517764091492
0.8100986480712891
0.7144846320152283
1.3431086540222168
-1.6632795333862305
-1.6975313425064087
-1.8492581844329834
0.8229402899742126
-0.715732753276825
0.7209510207176208
1.7150870561599731
-1.5152435302734375
0.5805293917655945
-1.063462257385254
0.6532818078994751
-0.9788978099822998
-1.288182020187378
-1.9723904132843018
1.7985728979110718
-0.07260102033615112
0.40633049607276917
0.5354602336883545
-0.5687651038169861
1.179942011833191
1.975119948387146
-0.21463830769062042
-0.13487446308135986
0.9557914137840271
1.610775113105774
-1.6879907846450806
-1.9514963626861572
0.2488574981689453
1.7465054988861084
-0.9356452822685242
1.34073007106781
-1.0107730627059937
0.23518386483192444
0.18599866330623627
-0.570690393447876
-1.8455231189727783
-0.17333954572677612
0.7949514985084534
0.2858137786388397
-1.6115634441375732
-1.98256516456604
-0.797745406627655
1.9163486957550049
-0.2012803554534912
-1.1608141660690308
0.04203670099377632
-0.3680206537246704
1.0555869340896606
-1.7923740148544312
0.11618278920650482
0.567712128162384
-1.0294406414031982
-1.2956422567367554
0.812159538269043
1.525437355041504
0.18257583677768707
-1.359009027481079
0.3714847266674042
-1.015881896018982
-0.9932175278663635
-1.09027898311615
0.42129722237586975
1.977091908454895
-0.786834180355072
1.1969456672668457
-1.919273018836975
-0.7757845520973206
1.670233964920044
-1.5323824882507324
-0.4011734127998352
-0.8939850330352783
-0.03312787041068077
-1.5578011274337769
0.926389217376709
-1.2281720638275146
1.6540789604187012
-1.8849103450775146
0.8171152472496033
-1.8907113075256348
1.586895227432251
0.2868829071521759
1.9105979204177856
-0.7765539884567261
0.6795892119407654
-0.3715435564517975
-1.9672728776931763
1.4252607822418213
-0.36952322721481323
-1.0528626441955566
-0.7278726100921631
1.5793474912643433
1.6298093795776367
-0.46076974272727966
-0.7816171646118164
0.03566772863268852
-1.122663140296936
-1.0737706422805786
1.4598634243011475
1.6416925191879272
-1.0493652820587158
0.9952190518379211
-0.4836219251155853
-1.2158960103988647
-1.8249375820159912
1.0483465194702148
0.41281330585479736
-0.2712090015411377
-0.36964738368988037
1.0712292194366455
-0.4523945748806
-0.12813133001327515
0.23811599612236023
1.6990454196929932
-1.2057929039001465
1.5990996360778809
-0.08906211704015732
-1.9149184226989746
-0.9246014952659607
-1.6351263523101807
0.27415043115615845
-0.6278204321861267
-0.2163766473531723
-1.9160021543502808
0.6289123892784119
1.29415762424469
-0.553938627243042
1.309464931488037
0.5974621176719666
1.0904749631881714
-1.5036858320236206
-0.01542052160948515
1.4332444667816162
-1.4362013339996338
-0.5590057373046875
1.3927934169769287
-1.5872858762741089
-1.3015824556350708
0.9992856979370117
-1.966896891593933
1.1238192319869995
0.04280911758542061
0.9115418195724487
-0.1543370485305786
0.6253700852394104
0.7093215584754944
-1034.6953125
-0.4327872097492218
1.0078483819961548
-1.707148551940918
0.2571623623371124
-1.9430749416351318
1.6104813814163208
0.5566143989562988
-1.2152718305587769
1.5680718421936035
0.7219623923301697
-0.41410908102989197
-0.7477479577064514
-1.1018786430358887
1.4756017923355103
-1.5905815362930298
1.2892858982086182
0.4740080237388611
-0.8406829833984375
1.953354001045227
-0.29058966040611267
-1.7922725677490234
-1.4732425212860107
1.9753408432006836
-1.8598153591156006
-1.4648460149765015
1.453212022781372
-0.09794361144304276
0.06736516952514648
1.7902796268463135
0.555693507194519
1.8949966430664062
1.7077847719192505
-0.32053712010383606
-1.8529376983642578
0.7694419026374817
1.3259847164154053
-1.2668007612228394
0.3357783854007721
1.2652405500411987
-0.9695279598236084
1.3017833232879639
-0.7835660576820374
-1.830695629119873
0.6332389116287231
1.9401426315307617
0.374336838722229
0.8464093804359436
-1.7369937896728516
-0.19272959232330322
0.6824601888656616
-1.9272063970565796
-0.04041193425655365
1.2657864093780518
-1.493713140487671
-0.5580962300300598
-0.004416315350681543
0.1455792933702469
1.6568275690078735
0.5836573839187622
1.2678788900375366
0.372719407081604
-0.04439930245280266
-1.4863358736038208
-0.7584407329559326
1.0086486339569092
0.4044640362262726
-0.29490718245506287
0.709980845451355
0.6130086183547974
-0.3877822458744049
1.1969010829925537
-0.6085677146911621
-0.593896746635437
9280.5302734375
1.5618993043899536
0.4930785596370697
0.20124118030071259
-81.04236602783203
0.6999057531356812
0.7522013783454895
-0.4231288433074951
1.9125826358795166
1.443737268447876
0.7436966300010681
0.4263963997364044
-1.9376856088638306
0.009281628765165806
0.368408203125
1.124076008796692
0.11006813496351242
-0.1315760463476181
0.4786968231201172
-0.9960383176803589
0.7034896612167358
0.11785969883203506
1.0086745023727417
-0.18741418421268463
1.8247512578964233
1.3483304977416992
1.0373597145080566
-0.544350266456604
0.6179883480072021
0.4729141294956207
-0.545423150062561
1.4552489519119263
0.7676358222961426
-0.5458023548126221
1.4053723812103271
-1.5624853372573853
1.732011318206787
-1.7640836238861084
0.04369320347905159
0.6107332706451416
1.8994156122207642
-1.4832978248596191
0.9823623299598694
-0.6206249594688416
-0.10492722690105438
1.8010811805725098
-0.5889621376991272
-1.643394112586975
0.1529519408941269
-1.9633636474609375
-1.7947078943252563
-0.4098180830478668
0.08500366657972336
1.8330260515213013
1.4249416589736938
0.8942726850509644
-1241.9541015625
-1.2155753374099731
-0.494107186794281
0.32722312211990356
0.21970342099666595
-1.3803354501724243
-1.4792474508285522
1.0618019104003906
-1.5378057956695557
-1.5687406063079834
-1.8024382591247559
-0.656919002532959
-0.46936389803886414
0.8870737552642822
1.7870129346847534
-1.0803252458572388
1.0753129720687866
1.4023839235305786
0.6637274622917175
1.2530149221420288
-0.6387902498245239
-1.6675316095352173
-0.1977691501379013
-0.38614359498023987
-0.10129166394472122
0.4402695298194885
29209.322265625
1.2661725282669067
0.5745512843132019
0.25229161977767944
1.3582457304000854
0.4450693428516388
-0.943673312664032
-0.22495456039905548
-0.14261963963508606
1.664925456047058
-1.9255125522613525
1.2661945819854736
0.6056127548217773
1.8898955583572388
0.32491061091423035
1.8677207231521606
-0.4940033257007599
-0.07411962002515793
1.9247667789459229
-1.3650319576263428
-0.3413381278514862
0.9400693774223328
-1.497283697128296
1.8745578527450562
1.9169843196868896
1.9072715044021606
1.6537333726882935
-1.4133005142211914
0.1470765322446823
-0.30515211820602417
-1.0625609159469604
-0.9885355830192566
0.17183080315589905
-1.7936097383499146
1.169735074043274
-1.923999547958374
-0.8278278708457947
-1.152445673942566
-0.687828779220581
-1.7470382452011108
-1.5422496795654297
1.9169576168060303
-0.29553720355033875
0.7770342230796814
0.08840872347354889
1.5978771448135376
-0.4981386065483093
1.8440887928009033
-154.94033813476562
1.904441237449646
0.28646963834762573
0.6855893731117249
-0.0705440416932106
-1.9752980470657349
-0.722846508026123
1.1342320442199707
-0.5191758871078491
0.43689027428627014
0.5490943789482117
1.4834414720535278
0.6259331703186035
-1.2035142183303833
-1.7853708267211914
0.4208775460720062
0.35808083415031433
1.6093696355819702
1.9664984941482544
0.45548251271247864
1.4002280235290527
0.43872585892677307
0.48926007747650146
-1.558058738708496
0.2692643702030182
0.1425243467092514
0.18237058818340302
0.5058348178863525
0.7032870054244995
1.6173204183578491
-0.2700791656970978
0.967352032661438
1.4264873266220093
1.9200704097747803
0.4592722952365875
-1.4440817832946777
1.3908733129501343
-0.06407945603132248
-0.6325178146362305
-1.5048916339874268
-0.9959527254104614
1.74286949634552
-0.7166306376457214
0.6578030586242676
1.7056431770324707
1.8773746490478516
-1.5552414655685425
0.9125998020172119
-0.7113109230995178
1.7453726530075073
0.18451078236103058
1.8832813501358032
1.9267847537994385
1.377874732017517
0.8845751285552979
-0.06534500420093536
-1.71278715133667
-1.2734534740447998
1.6683721542358398
-0.41077205538749695
-1.0163246393203735
1.7558536529541016
0.266757607460022
1.4841880798339844
-1.404427409172058
-0.9726616740226746
-1.446577787399292
-1.9179623126983643
1.1781136989593506
0.0288457740098238
0.39703497290611267
0.9602667689323425
-0.7269708514213562
0.5266008973121643
0.7055132389068604
0.0036563482135534286
-0.493956059217453
1.2146071195602417
-1.7081382274627686
0.20277154445648193
1.0434762239456177
-1.0701619386672974
-0.060995232313871384
-0.5469993352890015
0.681656539440155
0.286318302154541
-1.1220180988311768
-0.25278180837631226
-0.28695961833000183
-1.295264720916748
-0.47222188115119934
-1.8561418056488037
1.4155317544937134
1.5620789527893066
-0.5151723623275757
0.9515208601951599
0.875145673751831
0.004990310873836279
-0.15213175117969513
1.3970520496368408
-1.5081119537353516
1.9584790468215942
-0.5513599514961243
-1.932531476020813
-1.4081228971481323
0.1776847392320633
1.1047658920288086
1.7094659805297852
-1.4566185474395752
-1.2892000675201416
-0.49493977427482605
1.9849170446395874
-1.3079780340194702
1.1300666332244873
-1.3085414171218872
0.05984167382121086
1.8475912809371948
-0.2915479838848114
1.5983439683914185
-0.9604780077934265
-1.1999757289886475
0.5569277405738831
0.43748146295547485
0.9246169924736023
-0.19108814001083374
0.6421409249305725
-0.16975638270378113
-1.4429539442062378
-0.8215943574905396
-0.32585254311561584
1.6782398223876953
-1.0577093362808228
0.19548030197620392
-1.8008880615234375
0.5713620185852051
-1.927949070930481
1.7823890447616577
0.8104076981544495
-0.05057086423039436
-0.795235276222229
-1.607664942741394
-1.9026199579238892
1.5544025897979736
-0.4759023189544678
-0.5847644805908203
1.6760140657424927
0.6186017990112305
1.7361317873001099
1.3980307579040527
1.226909875869751
-1.8271129131317139
1.8801747560501099
-0.7364450097084045
-0.6427795886993408
1.922719120979309
-1.2458422183990479
-1.8755464553833008
1.5733915567398071
1.9603478908538818
0.8486045002937317
-1.5815093517303467
-1.5442380905151367
1.4440563917160034
-0.40562573075294495
-0.9622581005096436
-1.0745702981948853
0.3576994240283966
0.7113826870918274
1.6039042472839355
0.07203684747219086
0.9914730787277222
-1.54013991355896
0.6388329863548279
0.04840671271085739
0.6313307285308838
-0.5723767876625061
-0.5699926614761353
-1.6516122817993164
0.9587819576263428
0.28899386525154114
-1.8560166358947754
0.8234359622001648
0.6186158657073975
-0.5635112524032593
-0.9190978407859802
1.989018201828003
-303.4422912597656
-0.9025502800941467
1.0196748971939087
-1.776822805404663
0.8069281578063965
0.7973215579986572
1.1816000938415527
1.1603926420211792
-0.19242189824581146
-1.6232216358184814
0.09071309864521027
1.6231385469436646
0.3887477517127991
-0.9563906192779541
-1.8853886127471924
-0.8710238337516785
-0.24613773822784424
-0.18563349545001984
150.4551544189453
0.1762346476316452
-0.07117678970098495
1.6030561923980713
0.5563786625862122
1.8063199520111084
-0.36653220653533936
0.7656630873680115
1.2242639064788818
-1.539251446723938
1.8832961320877075
1.678423523902893
0.3855845630168915
-1.6547597646713257
0.2050970494747162
1.776854157447815
0.5885850191116333
-0.8322128653526306
-1.5151466131210327
-0.9002196788787842
-1.7727733850479126
0.6389537453651428
-0.4654768407344818
1.9425690174102783
4946.88720703125
-0.8232439160346985
-0.027490489184856415
1.0916485786437988
0.3758420944213867
0.42733311653137207
1.5067455768585205
0.6256983280181885
0.9346866011619568
0.6138583421707153
2042.7091064453125
-1.0019418001174927
1.171233892440796
-0.23163963854312897
-1.2598439455032349
0.21727265417575836
-1.981937289237976
-0.4127483069896698
0.26802706718444824
-1.211614966392517
1.597214937210083
-0.7498389482498169
-0.9366425275802612
-0.440729022026062
-1.8161259889602661
0.40121978521347046
380.03631591796875
0.19539271295070648
0.05980583280324936
-0.223378524184227
1.74274742603302
1.3076753616333008
1.3207679986953735
0.9003788232803345
1115.3333740234375
-1.3377094268798828
18186.8828125
-1.968505620956421
1.9190380573272705
0.7559820413589478
0.7141589522361755
-1.8821332454681396
-1.2586406469345093
1.464790940284729
-0.7835831046104431
-1.568487286567688
0.8021084666252136
-0.9520103931427002
1.423728585243225
1.9248372316360474
1.8003486394882202
0.22701668739318848
-1.6365138292312622
0.5119320154190063
1.268605351448059
-0.8117581009864807
1.337388515472412
-1.2229245901107788
-1.0417841672897339
1.3191931247711182
343.00067138671875
-0.7935563921928406
-1.7063401937484741
1.8581557273864746
-0.34952136874198914
0.8245841860771179
-1.6923303604125977
1.7393471002578735
0.08477015793323517
-1.67890465259552
-0.616844654083252
-0.333731085062027
-1.166378378868103
0.8044120669364929
-0.5260194540023804
1.1340022087097168
0.23550140857696533
-0.4089650511741638
1.5885549783706665
1.6230484247207642
-0.631316602230072
1.5124170780181885
-1.617179274559021
1.8502717018127441
-0.9985328912734985
-0.22843873500823975
0.6776256561279297
0.22935177385807037
1.9340132474899292
-0.5679314732551575
-0.5325818061828613
-1.4463281631469727
-1.613556981086731
0.7551720142364502
-1.5776573419570923
1.028446078300476
0.09442418813705444
0.9478434324264526
1.4854482412338257
-0.4262078106403351
-1.5465701818466187
0.25993311405181885
0.7024626135826111
-0.11011899262666702
-1.4300003051757812
-0.6028405427932739
-0.5380014777183533
1.251999020576477
-0.26710245013237
-0.5483060479164124
-1.5813356637954712
0.6588631868362427
0.5669643878936768
-1.1868435144424438
0.28424036502838135
-1.1774405241012573
-1.9741365909576416
-0.7134268879890442
1.8655247688293457
0.7814850211143494
-0.47515973448753357
1.5818605422973633
1.3527554273605347
-1.7608413696289062
0.5316718816757202
-0.7406396269798279
0.5923537015914917
-1.328542709350586
1.8233789205551147
1.9839198589324951
-0.4764026999473572
1.853131651878357
-0.9002349972724915
-0.3360503315925598
0.5275059342384338
1.158630609512329
-0.7159262895584106
1.0374222993850708
-1.9848334789276123
-0.3672342598438263
-0.20199792087078094
-1.2375824451446533
1.9242234230041504
0.9118377566337585
-0.8859151601791382
0.6873708367347717
-0.24430179595947266
-0.3061573803424835
0.6321924924850464
-0.15531198680400848
1.5454931259155273
1.6762112379074097
1.510710597038269
1.9705593585968018
-1.1261732578277588
1.0221142768859863
-1.7068074941635132
-1.2047016620635986
-1.0034372806549072
-1.9600489139556885
-1.0195765495300293
0.14965951442718506
1.3616575002670288
0.1082734763622284
-0.027991216629743576
-0.8692270517349243
-0.8181443214416504
1.2349967956542969
-1.668049931526184
0.08182162791490555
-1.2962470054626465
-0.31185704469680786
-0.10734961181879044
1.3443611860275269
1.5860340595245361
0.42583560943603516
0.6256635189056396
0.020217256620526314
1.4073902368545532
-1.7259957790374756
0.4297965466976166
-1.095231533050537
-0.7877786755561829
0.719464898109436
0.7627153992652893
-0.1278049498796463
0.9415386915206909
-0.8007646799087524
0.0374259427189827
0.6112792491912842
-0.8236193656921387
-0.22158324718475342
-0.5410678386688232
-1.8919861316680908
0.9295399188995361
-1.9310417175292969
0.10197111964225769
1.6402080059051514
-1.5117145776748657
1.8974956274032593
-1.6401541233062744
-0.2812569737434387
-0.06514759361743927
1.119753360748291
1.9522287845611572
0.9156026840209961
0.04089997708797455
1.207068920135498
-1.526533842086792
1.788316249847412
0.09565304964780807
-1.2215250730514526
-1.1217421293258667
-1.138054370880127
-1.786020040512085
-0.9261362552642822
0.9156922101974487
1.4084372520446777
-1.186995267868042
0.25400012731552124
-1.6512322425842285
-0.46458181738853455
-0.4832380712032318
1.6946110725402832
1.214328646659851
-0.7016210556030273
-1.298384428024292
0.7749707698822021
1.5493130683898926
-1.7162615060806274
-1.6162240505218506
-1.0874229669570923
1.5256648063659668
-0.09062707424163818
-0.8729610443115234
1.232794165611267
-1.7307417392730713
-0.6249812841415405
0.9744399189949036
-0.8170742988586426
1.191831111907959
-0.6921734809875488
1.099379539489746
0.8468102216720581
1.190085530281067
0.9164135456085205
1.7464008331298828
-1.2724394798278809
-0.5279732346534729
0.7071636915206909
0.6471887826919556
-1.6900484561920166
0.45131686329841614
-0.3312338590621948
-1.5704489946365356
-0.9439943432807922
-0.6935083866119385
1.3160167932510376
0.4935852885246277
-1.2686461210250854
-1.6915076971054077
0.9519201517105103
0.8260064125061035
-0.6400721073150635
-1.0751516819000244
0.14445598423480988
-1.5833001136779785
-1.1137995719909668
-0.02586657553911209
0.5642462968826294
1.3911112546920776
0.18404896557331085
0.5523242950439453
1.8243130445480347
-1.406579852104187
0.8645923733711243
0.9663573503494263
0.4101717174053192
-1.5096379518508911
0.5450559258460999
1.541080355644226
-0.5407135486602783
-1.0162222385406494
-0.843088686466217
-1.7294186353683472
0.1766916811466217
1.2895163297653198
0.5007987022399902
0.4418767988681793
0.032641779631376266
1.2681307792663574
0.46745479106903076
-1.1673882007598877
1.6097086668014526
-1.5104459524154663
-1.7010492086410522
-0.4406944215297699
0.9351817965507507
0.3470294773578644
0.4929569661617279
1.3774969577789307
-0.06624495983123779
-1.5165680646896362
-0.03566101938486099
-1.578857183456421
-0.7091159820556641
-0.5991603136062622
1.5046941041946411
1.328742265701294
1.3368184566497803
0.9866177439689636
-0.7770664095878601
-1.0692148208618164
-1.1949619054794312
-0.7823293209075928
-0.914591908454895
132.67166137695312
0.8988638520240784
-1.5679471492767334
-1.1283118724822998
0.8263012170791626
-1.007443904876709
0.02212734892964363
1.6143772602081299
0.37755921483039856
-1.0963588953018188
1.6927504539489746
-1.2912358045578003
1.9561620950698853
1.6775734424591064
-1.5749869346618652
-0.29610979557037354
-1.5577970743179321
-1.0851072072982788
0.5459890365600586
-0.795283317565918
1.9238007068634033
0.7054232358932495
-1.2515811920166016
-0.6662940382957458
0.8481724858283997
-0.36054888367652893
-1.8937984704971313
1.2646605968475342
-0.42134398221969604
-0.5818651914596558
-1.4724621772766113
-0.5785745978355408
0.025117620825767517
-1.5106067657470703
-1.5560914278030396
1.6062109470367432
0.21182115375995636
0.7721090316772461
-0.5115692615509033
-1.3613684177398682
-1.645392894744873
-1.5769009590148926
0.8370175361633301
-1.7328165769577026
-1.622117280960083
-0.7401080131530762
1.8192731142044067
0.5168838500976562
-1.1646275520324707
-0.99994295835495
1.595248818397522
0.7568290829658508
-1.5543681383132935
0.2716267704963684
0.9807732105255127
1.047921895980835
-0.39659610390663147
-1.4249931573867798
-0.9999601244926453
-1.1672449111938477
1.5501854419708252
-0.5309196710586548
-1.80051589012146
1.6021689176559448
1.2873504161834717
1.2206597328186035
0.4041059613227844
-0.5508530139923096
-0.08143801987171173
0.4222661256790161
0.7703248262405396
-1.3519175052642822
1.0830878019332886
0.017340324819087982
0.7483900785446167
-0.7491191029548645
0.22866876423358917
-1.5925681591033936
1.8223587274551392
-1.0507007837295532
0.1439588963985443
-1.6370741128921509
-0.5984063148498535
0.6286970973014832
0.5822411775588989
1.6751220226287842
1.9360792636871338
1.7594738006591797
-1.3843210935592651
-0.2177523821592331
1.766545295715332
-1.3614197969436646
0.9019132852554321
-1.2738735675811768
-1.6509441137313843
1.875848412513733
-1.2063610553741455
0.1324874311685562
-1.2372312545776367
-1.5927693843841553
-1.670622706413269
0.1610967516899109
1.6142892837524414
-0.3783830404281616
1.5961220264434814
-1.3738539218902588
-0.3912367522716522
-0.044894009828567505
1.8670133352279663
1.1328085660934448
-0.8491671085357666
0.7178748846054077
-1.1824058294296265
0.6497529745101929
1.3553510904312134
0.010043046437203884
-1.085613489151001
-0.778350293636322
1.9167879819869995
0.8570027351379395
1.489295482635498
-1.486930251121521
-0.2587209939956665
1.1974536180496216
-1.511324405670166
-1.2063006162643433
1.4293735027313232
1.0709115266799927
-1.9329109191894531
-0.04122711345553398
-0.3970142602920532
-0.011811102740466595
-0.3437897562980652
1.4562162160873413
-0.6762899160385132
-1.5085594654083252
-0.6904879212379456
0.8027383685112
0.741531252861023
-0.9540935158729553
0.689978837966919
1.875354528427124
1.9102598428726196
-0.7510451674461365
-1.3964654207229614
0.6442779302597046
-0.5717234015464783
0.36091020703315735
1.341359257698059
-0.5673508048057556
1.296593427658081
1.106453776359558
0.40357816219329834
-1.2086436748504639
-0.4494205117225647
1.3904130458831787
1.3038209676742554
1.7118040323257446
1.0164740085601807
1.0765297412872314
1.4685755968093872
0.0802263393998146
1.9166100025177002
1.0516166687011719
-0.21916013956069946
0.2404678910970688
-1.9800254106521606
0.8463060855865479
-0.7357391715049744
1.1107429265975952
0.20120902359485626
0.7850447297096252
1.1559600830078125
1.7012972831726074
-0.6072271466255188
1.3775556087493896
1.5762732028961182
-1.9018607139587402
-0.27602866291999817
-0.12628412246704102
1.2661821842193604
0.23845304548740387
-1.306380271911621
0.3867048919200897
-0.8459233045578003
1.0224848985671997
-0.5392022728919983
-0.9339382648468018
1.6810554265975952
-1.6043577194213867
0.5232862234115601
1.680213451385498
1.3606438636779785
0.372842013835907
0.9434046745300293
-1.350091814994812
0.08489426225423813
0.14103373885154724
1.3680957555770874
-0.45425817370414734
1.049391269683838
0.25654420256614685
0.9658783674240112
-0.1228785514831543
-1.422487735748291
0.04433035850524902
-0.5644448399543762
0.324552059173584
-0.39873018860816956
-1.6716748476028442
-1.5355232954025269
-1.7109893560409546
0.5778231620788574
-1.7077715396881104
-1.5536402463912964
-0.5739356279373169
-1.8807427883148193
1.182876467704773
-1.7046713829040527
0.23996718227863312
1.5685675144195557
1.6441746950149536
-1.5162248611450195
1.3380197286605835
-1.5409661531448364
1.2720472812652588
1.667879581451416
-1.5450512170791626
0.5674796104431152
1.3078041076660156
0.14316615462303162
1.4443706274032593
0.31191253662109375
0.8754528760910034
0.2892588675022125
1.4319697618484497
-1.9399185180664062
1.0051764249801636
2475.53564453125
-1.3290807008743286
1.9526703357696533
0.8537505269050598
-0.2839291989803314
-0.4615735709667206
-1.237787127494812
-0.37259164452552795
1.8605881929397583
-0.31358838081359863
0.6643004417419434
-0.6153219938278198
-0.07779352366924286
1.1454493999481201
1.0956807136535645
1.905233383178711
-0.9414314031600952
-1.0866897106170654
1.1129838228225708
1.2485642433166504
-1.8017560243606567
1.9224753379821777
-1.4559506177902222
-0.7471063733100891
1.9191371202468872
-1.9420504570007324
0.13311325013637543
-1.881060004234314
-0.6814030408859253
1.3757036924362183
-0.8543254733085632
-0.7837725877761841
-0.5672739148139954
0.6349390149116516
1.5610822439193726
-1.2576100826263428
0.6410948634147644
1.6169803142547607
-0.07722396403551102
-0.6092592477798462
-0.6103145480155945
-0.8611710071563721
1.519823431968689
0.32070192694664
-1.2416914701461792
-1.827512264251709
1.0900624990463257
-0.5113306045532227
-1.713334321975708
1.320912480354309
-0.09429273009300232
0.808594822883606
-1.096726655960083
-0.9526311159133911
-1.0123997926712036
-1.9423167705535889
-1.542600393295288
1.5093415975570679
-0.48684197664260864
-0.8503450751304626
0.2869824767112732
0.4836040139198303
0.6408892869949341
0.4982720911502838
0.2939087748527527
-1.4887820482254028
0.12020919471979141
-0.017436323687434196
1.190727710723877
0.5887662172317505
1.109065294265747
-0.4714963734149933
-1.4815795421600342
-0.6460748314857483
139.93409729003906
-0.7911704182624817
1.6439019441604614
-1.8567051887512207
1.7362617254257202
-1.3774597644805908
0.1934986561536789
-1.2989941835403442
1.8291209936141968
1.2703642845153809
-1.4357917308807373
-0.05709262564778328
-1.9670466184616089
1.0232423543930054
1.5292109251022339
-0.26422128081321716
-1.6529765129089355
-1.9048831462860107
0.6562889218330383
0.27830496430397034
0.30948635935783386
1.4381077289581299
0.493000864982605
0.19739490747451782
-0.16683314740657806
0.415088415145874
0.775393009185791
1.8586276769638062
-1.6454567909240723
1.5536390542984009
1.534528136253357
-1.0298781394958496
-0.8219451904296875
-0.1593693047761917
-1.590234398841858
-0.9221442341804504
-0.12437472492456436
-0.19158361852169037
-0.6844677925109863
-0.3651247024536133
-0.9042593836784363
1.1391223669052124
-0.24941135942935944
-0.541458249092102
-1.6724612712860107
0.23985713720321655
-1.922853708267212
-0.480053186416626
-1.201765537261963
1.6337852478027344
0.5651934742927551
-0.7106390595436096
0.09672120958566666
-0.5774534344673157
0.33888211846351624
0.8758763670921326
1.2883970737457275
-0.22341667115688324
0.719976007938385
0.10311343520879745
0.1706489473581314
0.7232050895690918
0.19285006821155548
-1.5733911991119385
-0.9957962036132812
1.3771275281906128
-1.9078904390335083
-1.9533158540725708
1.8296782970428467
0.697830080986023
-1.121311902999878
1.1584792137145996
1.2397631406784058
-0.345600426197052
1.1801215410232544
-1.8031631708145142
83.21416473388672
1.3057503700256348
0.5830080509185791
-0.9105221629142761
337.2400817871094
1.8120245933532715
0.5373285412788391
1.4324949979782104
1.5889885425567627
0.8100136518478394
94.0945816040039
-1.4762789011001587
1.344406008720398
-0.07963141798973083
-1.9382388591766357
-0.0883745327591896
-0.8754189014434814
1.6020418405532837
-1.5878665447235107
0.5157044529914856
-1.8795115947723389
-0.6788474321365356
1.9414161443710327
-0.2314435839653015
0.23125723004341125
-1.2892191410064697
28449.373046875
-0.24032719433307648
1.3226593732833862
-0.8854434490203857
0.056897666305303574
-0.302968829870224
-5154.40673828125
-1.5618476867675781
-0.034730903804302216
0.3189755082130432
1.361005187034607
1.372306227684021
0.3359207808971405
-1.4123762845993042
-0.022698814049363136
-1.8340795040130615
0.7923827767372131
1.5724598169326782
1.0073446035385132
-0.9568670988082886
-1.152765154838562
-0.4212825894355774
0.13719657063484192
-1.9240814447402954
1.573042631149292
1.103479027748108
1.4503743648529053
0.5580715537071228
-0.290473073720932
0.7475032210350037
1.0173286199569702
-1.4745402336120605
1.6012474298477173
0.398848295211792
86.03657531738281
-0.1608586460351944
-1.0682518482208252
1.757155418395996
-1.5975415706634521
0.5013929009437561
0.891243577003479
-1.9352205991744995
-1.1365361213684082
0.5880089998245239
-1.204016089439392
-1.4060741662979126
1.90923011302948
-1.5506168603897095
-1.1026265621185303
0.7725575566291809
0.20042936503887177
-0.8919742107391357
0.8600330948829651
0.5427111387252808
0.6461852788925171
0.17891725897789001
1.3374483585357666
0.7548915147781372
0.5468240976333618
1.7158057689666748
1.9317325353622437
-0.9576587080955505
-1.1463991403579712
0.4991951882839203
-1.510665774345398
-0.2165801078081131
-1.199985146522522
-1.088395118713379
1.7970203161239624
1.7814652919769287
0.2015056610107422
1.9116863012313843
0.9277703166007996
-0.603373646736145
1.6471399068832397
-0.04778534546494484
0.34999948740005493
1.9706244468688965
0.8681529760360718
-1.3586446046829224
-1.2051728963851929
-1.840338110923767
1.8627073764801025
-1.87863290309906
1.921608328819275
-1.512272834777832
-1.261489987373352
0.4267744719982147
0.29668739438056946
1.4805353879928589
0.770224392414093
1.021662950515747
-1.2621806859970093
-1.8961619138717651
0.5596235990524292
1.8789794445037842
1.7725024223327637
1.4005306959152222
-0.1459462195634842
-0.9149468541145325
-1.7914206981658936
-1.3823533058166504
-1.9285383224487305
1.9149513244628906
-0.4908513128757477
1.798156499862671
1.1480515003204346
1.8754289150238037
-1.4012657403945923
-0.2493763118982315
-0.9976179599761963
0.44471266865730286
-1.9999165534973145
-0.5800389051437378
-0.722451388835907
-1.323291301727295
0.7698976397514343
-1.6470290422439575
0.17991949617862701
1.412259578704834
-0.6369834542274475
-1.5104706287384033
1.591692328453064
1.2505522966384888
-1.0577775239944458
-0.7442434430122375
-1.0951292514801025
1.9190313816070557
1.2305465936660767
-0.17691512405872345
-0.04213251173496246
-1.0066249370574951
0.5064532160758972
-0.8135498762130737
1.3769053220748901
0.11296642571687698
-1.4090973138809204
0.8097885251045227
0.3184499740600586
1.4287927150726318
-0.8371900916099548
0.2962319254875183
1.1323426961898804
-1.7476564645767212
1.7776426076889038
0.8786078095436096
0.06876687705516815
-1.0148441791534424
0.07580254971981049
-0.490465372800827
1.062679409980774
1.07049560546875
-1.1987687349319458
1.0773117542266846
-1.8512321710586548
1.4736759662628174
0.9725813865661621
-1.854419231414795
0.9292378425598145
-0.04536065831780434
1.7539581060409546
0.2931579351425171
0.10547550022602081
0.6582265496253967
1.2732086181640625
0.3584281802177429
0.46661388874053955
-1.8985884189605713
-0.6936066746711731
0.06489446759223938
-0.028016412630677223
-0.22186966240406036
-1.4497801065444946
-0.05533994361758232
1.4609870910644531
-0.09899863600730896
-1.0201958417892456
0.025215357542037964
-1.0189367532730103
1.4364756345748901
-1.6713778972625732
-0.5012315511703491
0.8486943244934082
1.4190895557403564
0.4911351203918457
-0.5496405959129333
0.48802971839904785
-0.34464025497436523
1.2925965785980225
-0.5663745403289795
-0.8699369430541992
0.5059577822685242
1.1316132545471191
-0.9906008839607239
0.42327073216438293
-1.7956324815750122
0.2579761743545532
-0.8437530994415283
0.2423950582742691
0.4382629692554474
-1.6454299688339233
-0.5603781342506409
-0.7391924262046814
1.220117449760437
1.3875305652618408
-0.0994529128074646
0.21255724132061005
-1.2738831043243408
1.522581934928894
-0.3946075439453125
1.8844141960144043
-1.1181082725524902
0.33167412877082825
0.12720759212970734
0.14790582656860352
0.19729484617710114
1542.5838623046875
-1.1663025617599487
1.3217488527297974
-0.5430643558502197
0.8351483345031738
-0.4120243191719055
1.4122421741485596
-0.296244353055954
-1.6340655088424683
1.135389804840088
-0.747008740901947
1.898380994796753
-0.6608461737632751
0.41061437129974365
-1.944635033607483
1.125593662261963
-0.031938523054122925
1.3217636346817017
0.6794565916061401
-0.13310697674751282
0.6906800270080566
1.4353559017181396
14276.361328125
0.11584320664405823
-0.664592444896698
1.2449989318847656
0.4470858871936798
1.2884728908538818
-83.26834869384766
1.3849989175796509
1.9395350217819214
1.4362598657608032
1.5286927223205566
-0.8671523928642273
-1.1332035064697266
-1.5193098783493042
0.11705079674720764
-0.7397119998931885
-1.4363632202148438
0.8840576410293579
0.7554285526275635
-1.7252206802368164
-0.17365634441375732
0.8863656520843506
-0.3941113352775574
-1.729413628578186
0.18846818804740906
0.7301711440086365
0.09756355732679367
-0.9290943741798401
0.2873498797416687
0.7947396636009216
0.5524789690971375
0.15472665429115295
1.0004355907440186
1.1251710653305054
0.469236820936203
-1.2166879177093506
1.6824871301651
-0.5207896828651428
-0.9631144404411316
-1.635263204574585
-1.698994517326355
0.359224408864975
1.2936749458312988
1.068727731704712
1.4820833206176758
-0.2878063917160034
-0.14319655299186707
1.9554188251495361
-1.692031979560852
1.999036192893982
-1.9017372131347656
-1.3089444637298584
-0.38647937774658203
1.2002151012420654
1.0537904500961304
1.7587345838546753
-732.27001953125
0.9865127801895142
0.06970825791358948
-0.3845045864582062
0.2966058850288391
1.020297646522522
1.4427157640457153
-1.9896903038024902
0.9341194033622742
0.749808669090271
1.3411445617675781
0.7809222936630249
-0.5365254878997803
0.9939597845077515
-0.3736308217048645
1.6027015447616577
1.7931890487670898
-1.0558937788009644
-1.1255171298980713
1.3653554916381836
-0.1940564215183258
-0.5939484238624573
-0.46219131350517273
-1.610892415046692
0.3265261650085449
-1.4267796277999878
-0.31621304154396057
1.3939223289489746
-1.3652667999267578
0.6068058013916016
0.9303408861160278
0.195489764213562
0.48529309034347534
-1.7285974025726318
-1.3273886442184448
1.1701723337173462
0.5670828223228455
-1.2238653898239136
-1.924128532409668
-1.9348567724227905
-0.7681265473365784
-1.744519591331482
0.44292816519737244
-0.11177835613489151
-0.589268147945404
-0.11247149109840393
1.2899545431137085
0.9929651618003845
-0.04216992110013962
-0.49187666177749634
-277.7781982421875
0.6270495653152466
0.9373558759689331
0.3537762761116028
1.0685471296310425
0.46610766649246216
-1.757735252380371
1.7818353176116943
0.7829799056053162
-1.078446626663208
-0.0285386573523283
-1.1336034536361694
-0.07254425436258316
1.1372497081756592
-0.6159652471542358
-1.7812930345535278
-0.8703287243843079
0.10377015918493271
0.7342819571495056
-0.5646389722824097
-0.11483099311590195
-0.9507321119308472
-0.07544444501399994
-1.9534591436386108
1.1295653581619263
-1.3423062562942505
-1.0457983016967773
0.2431095987558365
0.49374333024024963
-0.5892761945724487
0.654468834400177
0.26308608055114746
1.8360732793807983
1.0516842603683472
0.5120486617088318
-1.7505087852478027
-1.6239262819290161
0.924703061580658
-1.6744496822357178
0.5903040170669556
0.5866370797157288
0.8370082378387451
-0.4080692231655121
0.23078475892543793
-0.551908552646637
0.9310335516929626
0.43189218640327454
-1.098077654838562
1.3233245611190796
1.1769421100616455
0.03818672522902489
0.14133504033088684
0.8008264899253845
0.7443294525146484
-1.527625322341919
0.991231381893158
0.16843314468860626
1.0702145099639893
0.4613243341445923
-1.524877667427063
0.10236602276563644
0.3526453971862793
-0.20784389972686768
-1.5650715827941895
0.9023271799087524
-0.8723174333572388
-0.1359759122133255
1.1537456512451172
0.6571127772331238
1.7948496341705322
-0.8264228701591492
1.447903037071228
1.6822144985198975
1.5560964345932007
-0.20096087455749512
-0.3252100348472595
-1.270649790763855
1.4673627614974976
0.36528271436691284
-1.659477710723877
-0.2913353145122528
-0.4574129283428192
-0.4707798659801483
1.319521427154541
-0.3120031952857971
1.5491331815719604
0.5654422640800476
1.8967951536178589
0.10921674966812134
-0.8055402636528015
-1.3919557332992554
0.7147228121757507
-1.8102525472640991
-0.4362255036830902
0.27364176511764526
1.9536305665969849
1.9257858991622925
0.13835076987743378
0.21823067963123322
0.8005227446556091
-1.0014182329177856
-1.4695175886154175
1.9585069417953491
1.7854758501052856
-1.6278600692749023
1.7375996112823486
1.7875374555587769
-1.837722897529602
-1.9411828517913818
-1.7917588949203491
0.370274156332016
-0.7638491988182068
-0.024186978116631508
0.584997832775116
0.9422675371170044
-1.2612799406051636
-1.3928420543670654
0.6462440490722656
-1.2319095134735107
-1.7028316259384155
1.3628036975860596
1.0363426208496094
0.1888219714164734
-0.29034292697906494
-1.2301453351974487
-0.21125711500644684
1.2187840938568115
-0.7505295872688293
-1.5467109680175781
1.244273066520691
-1.6432045698165894
-1.1803407669067383
-1.652591586112976
-1.8195809125900269
-1.4518675804138184
-1.3082538843154907
-0.7633692026138306
0.28710976243019104
-1.7442749738693237
-0.8962451219558716
0.989790678024292
1.3854371309280396
0.18508070707321167
0.8251425623893738
0.6046618223190308
1.6159772872924805
0.07702916860580444
-1.8014607429504395
-1.2374730110168457
1.3349523544311523
-0.7236230969429016
-1.3198107481002808
0.8626832365989685
-0.37586280703544617
1.882128357887268
-1.61539888381958
1.0822991132736206
1.1284151077270508
0.20334146916866302
0.8339201211929321
0.42965003848075867
1.3488408327102661
-0.6206780672073364
1.105739951133728
0.4873230755329132
0.4051899313926697
-0.3618476986885071
-0.8297211527824402
0.15753036737442017
-1.7390083074569702
0.7071021199226379
-1.1924419403076172
1.864725112915039
1.1951862573623657
0.8927476406097412
-0.20042192935943604
-0.9841292500495911
0.6545636057853699
-1.5130181312561035
1.1359522342681885
0.1885548084974289
-0.646388590335846
1.2885221242904663
-0.5943845510482788
1.7631909847259521
1.0785282850265503
-0.06463103741407394
-1.2412657737731934
-0.5064131617546082
-1.038488745689392
-0.5919032692909241
0.27866655588150024
-0.17951124906539917
1.0510506629943848
-1.3454769849777222
1.312644600868225
-1.9570056200027466
0.2407752275466919
-1.570814847946167
-1.7617249488830566
1.513358473777771
-1.7829669713974
0.993373692035675
1.202963948249817
24919.328125
-0.2243344932794571
0.8423215746879578
-1.4093509912490845
-0.049553658813238144
-1.358540654182434
-0.10398516803979874
1.1571075916290283
0.7011855244636536
-1.7174261808395386
-0.8452923893928528
0.24843575060367584
0.3965650200843811
-1.1193287372589111
0.8291608691215515
-0.10316609591245651
0.24410153925418854
1.9540327787399292
0.5169123411178589
-0.8962536454200745
1.6461354494094849
1.082534670829773
-1.4925400018692017
-1.1970552206039429
0.6428172588348389
1.2396268844604492
-1.5725733041763306
0.7278494834899902
0.7512620687484741
-0.807991623878479
1.923934817314148
0.09454705566167831
-1.080663800239563
-1.4886893033981323
1.0450172424316406
1.7454625368118286
-0.2727065086364746
-1.1733568906784058
0.36543622612953186
-0.9493408203125
1.5419654846191406
-1.8202153444290161
1.4941937923431396
1.3847471475601196
-0.15382298827171326
1.759374976158142
-0.6153171062469482
-0.3869650661945343
-1.684814453125
1.4583772420883179
0.5462381839752197
-1.5546513795852661
-0.5993629693984985
-0.4981977343559265
-1.0885260105133057
0.5442097187042236
1.02021062374115
-0.925926148891449
0.6528383493423462
-1.4980288743972778
-1.8781105279922485
-0.24077405035495758
0.713428258895874
-0.8557509779930115
1.3537060022354126
0.10382194072008133
-1.6192017793655396
-0.788187563419342
1.4557498693466187
-1.0208587646484375
0.6890451312065125
0.27210068702697754
0.07785485684871674
0.5659198760986328
0.2990064322948456
-0.3576746881008148
-1.6379616260528564
-0.5140144228935242
1.3800605535507202
0.7909871339797974
164677.328125
-1.4222702980041504
428271.71875
-1.9889732599258423
-0.34144270420074463
-0.259148508310318
1.9294778108596802
1.2542921304702759
-0.2841174304485321
-1.9225196838378906
1.9002989530563354
-1.9055423736572266
1.8903961181640625
0.4764311909675598
1.931739330291748
1.5509905815124512
0.7067346572875977
0.04716329649090767
-1.0797144174575806
1.7896101474761963
-0.16656948626041412
1.1650644540786743
-0.5832454562187195
-1.8946077823638916
2377.41357421875
-1.8205749988555908
-0.15981082618236542
-0.4333294630050659
0.6692514419555664
-1.2002028226852417
-0.4900118112564087
-1.3564331531524658
0.5425405502319336
1.4758988618850708
0.20166875422000885
-1.9468039274215698
-1.101096749305725
-1.063934087753296
-1.9719018936157227
-0.3694956302642822
0.5564481019973755
1.7570805549621582
-1.7463608980178833
0.4586823284626007
0.46864160895347595
0.5489522814750671
-1.0611330270767212
0.36178410053253174
0.09536074101924896
-0.21957585215568542
0.9750374555587769
-0.6385464668273926
-0.6587478518486023
-1.9783192873001099
0.8852851390838623
0.5328039526939392
-1.4124380350112915
-0.9116284847259521
1.003828525543213
-0.6895521879196167
-0.9480067491531372
-0.9497895240783691
-0.8122473955154419
1.1397671699523926
0.1595350205898285
-1.8975356817245483
1.1359188556671143
-1.8778879642486572
0.5481224060058594
-1.7282345294952393
1.5448081493377686
-1.350725531578064
-0.41794082522392273
-1.9135544300079346
0.47623398900032043
1.3735084533691406
-0.4830125868320465
-1.905718445777893
1.4361419677734375
1.834896206855774
-0.9724054336547852
1.9447510242462158
-0.07632491737604141
-0.7910334467887878
-0.3002825081348419
1.0304179191589355
0.23814910650253296
0.2877523601055145
1.7756472826004028
1.9362589120864868
1.7864006757736206
-1.7714180946350098
-0.6770352721214294
0.023448223248124123
1.4654624462127686
-0.03855320066213608
-1.1522573232650757
1.2644888162612915
1.7786909341812134
1.4281165599822998
1.9226863384246826
-0.7729769945144653
-0.0198162030428648
0.9067439436912537
429.3433532714844
1.1031934022903442
0.9314550757408142
-0.9092728495597839
-1.0970953702926636
0.24188275635242462
-0.09582481533288956
0.5975427627563477
-1.1679959297180176
-1.2848970890045166
1.0919581651687622
-0.8214300870895386
1.7880810499191284
1.4699256420135498
-1.335965633392334
0.622249960899353
0.9807933568954468
-1.4738689661026
0.7251704335212708
-1.708545446395874
0.7408092617988586
0.7356885075569153
-1.8096424341201782
0.6262027025222778
-1.4213961362838745
1.9823129177093506
1.6115437746047974
1.4910335540771484
1.4466246366500854
-1.401868224143982
-1.1803420782089233
1.0320770740509033
0.4391275644302368
0.026632484048604965
1.6535996198654175
1.7744578123092651
0.03987516835331917
1.0997051000595093
0.08901553601026535
1.7886922359466553
-1.1537874937057495
1.9017239809036255
-1.6692043542861938
-1.0633951425552368
1.3404446840286255
1.6400668621063232
1.5185537338256836
0.6125651001930237
-1.4830635786056519
-1.432328701019287
-1.243497371673584
-0.8959676623344421
0.7923944592475891
1.7093273401260376
0.35770323872566223
1.5911928415298462
1.6457587480545044
0.5577935576438904
-1.3080439567565918
-0.8882231116294861
0.9652757048606873
1.8960959911346436
1.5429271459579468
0.04441666230559349
-0.8313741087913513
-0.09538188576698303
0.5052972435951233
0.81119704246521
0.7401904463768005
0.4552846848964691
1.0472568273544312
-1.6954132318496704
1.2535468339920044
-0.00263351877219975
0.6326491236686707
1.8963451385498047
-1.784672737121582
-0.9488964676856995
-1.6914628744125366
1.9824820756912231
-0.7127061486244202
0.9269499182701111
-1.0183292627334595
-0.4120061695575714
-0.27638939023017883
0.1107289269566536
-1.2735539674758911
-1.9137471914291382
-0.03473814204335213
0.49936044216156006
1.504913091659546
-1.5770831108093262
0.7839952707290649
-1.0850841999053955
-1.0073165893554688
0.031140636652708054
-1.022267460823059
0.795493483543396
0.8786264061927795
1.3002500534057617
1.4230152368545532
-1.9306976795196533
-1.2747560739517212
0.2503940165042877
0.9616448283195496
-1.9243525266647339
-0.5477660894393921
0.614160418510437
1.558416724205017
1.99753999710083
0.07132723927497864
-1.6987154483795166
1.81643807888031
-1.2755169868469238
1.6629537343978882
0.28120657801628113
-0.1248992532491684
1.4757505655288696
1.3045320510864258
-0.836667537689209
0.25813180208206177
1.0495754480361938
1.3631128072738647
1.2464021444320679
1.4631679058074951
0.18685199320316315
1.37820565700531
-1.2088894844055176
-1.2607614994049072
-0.28400200605392456
0.8444032073020935
-0.2834254503250122
1.992492914199829
-0.9017737507820129
-0.5021460056304932
-1.0722134113311768
1.2932432889938354
1.69441819190979
-1.3243430852890015
1.8198667764663696
0.5258657932281494
-0.32659676671028137
-0.47365066409111023
1.4146728515625
-1.371161937713623
-1.3110672235488892
-1.2989072799682617
-1.8257559537887573
-1.247323989868164
-0.9540796875953674
-1.2097125053405762
-0.1879698634147644
0.5001249313354492
-1.1653531789779663
-52624.48828125
0.35691288113594055
0.9583503007888794
1.7383345365524292
0.43441224098205566
-0.16115716099739075
0.3119327127933502
-0.39960813522338867
1.6269217729568481
-0.16625946760177612
-1.632424235343933
-0.6787884831428528
0.5099531412124634
0.0842064768075943
-0.35392192006111145
-1.143936038017273
-0.48436418175697327
1.8747897148132324
1.7928472757339478
1.6722791194915771
-1.1877765655517578
-1.0235459804534912
0.2667197287082672
0.4457821249961853
0.7240864038467407
1.5212445259094238
0.24626712501049042
-0.002915102057158947
1.6073201894760132
1.4362143278121948
0.512497067451477
1.228377103805542
0.8123263716697693
-0.6425333023071289
0.5350633859634399
-1.021990418434143
0.34124383330345154
1.6166939735412598
1.169677734375
0.47826337814331055
-0.9778549075126648
1.48543381690979
-1.1525479555130005
1.137768030166626
1.902457356452942
1.8305329084396362
0.8871090412139893
-0.42720234394073486
-1.7212939262390137
-0.1448083221912384
0.6770625710487366
1.7848150730133057
1.6323962211608887
1.080902338027954
0.1587446928024292
0.7560854554176331
-12057.3994140625
-1.0210093259811401
-614017.4375
0.655379593372345
0.23611889779567719
1.1528098583221436
-1.6000393629074097
-0.6783524751663208
0.8136649131774902
-0.841629147529602
-0.5668447613716125
1.0472639799118042
0.7220486402511597
0.8534416556358337
1.139569878578186
1.1984660625457764
-0.1491081714630127
1.6869122982025146
1.7757631540298462
-0.6536085605621338
-0.46329373121261597
-0.17466486990451813
-0.07995088398456573
1.2962000370025635
-243.39535522460938
-0.3809352517127991
-19092.626953125
0.879522979259491
0.6916055679321289
1.265853762626648
-1.2166215181350708
0.9976603388786316
1.1379451751708984
1.5048372745513916
0.4501938223838806
1.301126480102539
-1.1256911754608154
0.9464102387428284
-1.5864391326904297
-1.3063191175460815
-0.9509387612342834
-1.4405215978622437
1.2755992412567139
-0.12921828031539917
-1.392909288406372
0.9710307717323303
1.6554503440856934
-0.4588969945907593
1.1339092254638672
-1.3066602945327759
1.0104600191116333
1.9965616464614868
-133142.75
0.6266085505485535
-10763.9296875
0.811240553855896
0.05263852700591087
-1.2861740589141846
-1.571086049079895
0.5949192047119141
0.8466254472732544
1.463937520980835
0.19783437252044678
1.3463655710220337
-0.2838875651359558
-0.14430566132068634
-0.7496120929718018
0.6131238341331482
1.3212305307388306
0.8704314827919006
1.5725455284118652
1.0337111949920654
-0.6734217405319214
-1.839971899986267
-0.9102871417999268
-1.651216983795166
0.7436726689338684
1.897698998451233
-5251.5546875
-1.3526958227157593
1.0592782497406006
-0.3193558156490326
1.9188363552093506
-0.10451029241085052
0.03578156605362892
-1.3920042514801025
1.379715085029602
-0.9091463088989258
-1.7444171905517578
-1.3134269714355469
-0.7878305912017822
-0.6125048398971558
0.604331910610199
-0.44862687587738037
1.637150764465332
0.24696779251098633
-1.9422228336334229
1.4416450262069702
0.563748300075531
-1.9768725633621216
0.036605142056941986
0.2393340766429901
0.707655668258667
1.8859764337539673
1.6831265687942505
0.46614593267440796
1.4672176837921143
0.8055480122566223
-0.6557302474975586
0.07415629923343658
1.5472503900527954
1.7812899351119995
-0.7201921343803406
1.5996917486190796
1.7477624416351318
1.449395775794983
-0.1495707780122757
1.6218785047531128
-1.5463240146636963
0.8688979148864746
1.429909586906433
0.9976667761802673
-1.034895896911621
1.2878429889678955
1.3513370752334595
-1.1301686763763428
1.866876244544983
0.7434678077697754
0.3255504369735718
0.6736817359924316
-0.7367180585861206
0.886328399181366
1.3043479919433594
-1.6786900758743286
1.629929780960083
0.6391298770904541
1.392311930656433
0.35150837898254395
-1.2889609336853027
-0.28716355562210083
1.0553338527679443
-1.706845998764038
1.2512638568878174
-1.5487862825393677
-0.3824193775653839
1.1707067489624023
-0.45812034606933594
-1.5196605920791626
-0.7113754749298096
1.8599729537963867
1.9023488759994507
-1.6656683683395386
0.4677535593509674
-1.7544742822647095
1.8283567428588867
0.38450339436531067
0.4898514747619629
1.8308846950531006
1.4973485469818115
-1.3196251392364502
1.7178393602371216
-0.04329861328005791
-0.2607311010360718
0.30370646715164185
1.5272986888885498
-0.33146724104881287
-1.503139853477478
1.8160039186477661
-1.5199861526489258
-1.552257776260376
-1.0370163917541504
-1.4732402563095093
1.1108577251434326
1.7371101379394531
-0.29674839973449707
-1.2615338563919067
0.0405377596616745
1.1059520244598389
1.0439926385879517
-0.0677538514137268
-0.09684555232524872
0.3779543340206146
0.26651784777641296
-1.5087090730667114
-1.6727913618087769
0.41509759426116943
-0.7317905426025391
-1.5840380191802979
-0.008917761035263538
-1.430191993713379
-0.04817195236682892
0.48195624351501465
-0.05172669142484665
-0.3630891442298889
